3,176,208,153,284,215,-3.65,-5.53,8.24
103,175,209,154,284,215,-2.55,-5.22,8.43
203,174,210,153,285,214,-2.47,-5.69,8.04
303,174,209,153,285,214,-1.92,-6.28,8.24
403,175,209,153,286,214,-1.53,-7.22,8.75
503,174,208,153,286,215,-3.02,-6.86,8.94
603,174,209,154,285,214,-4.24,-6.47,6.59
703,175,209,153,285,214,-5.53,-6.08,6.08
803,175,209,152,285,215,-6.94,-5.18,5.73
903,175,210,153,285,214,-7.81,-4.43,5.22
1003,175,208,154,283,214,-8.32,-4.16,4.86
1103,175,210,156,284,213,-8.87,-3.14,4.16
1203,176,210,155,284,214,-9.26,-2.47,3.45
1303,177,210,157,285,214,-9.38,-2.04,2.90
1403,174,210,157,284,212,-10.47,-1.65,2.82
1503,166,201,149,271,204,-10.28,-1.65,2.51
1603,169,200,150,270,203,-10.04,-1.77,2.98
1703,171,205,154,274,206,-9.77,-2.08,3.26
1803,170,200,150,270,203,-9.02,-2.79,4.20
1903,174,205,157,279,210,-7.96,-3.57,5.49
2003,153,187,141,252,187,-7.26,-4.12,6.00
2103,159,195,146,264,199,-6.59,-4.86,6.39
2203,174,208,157,281,211,-5.73,-5.10,7.10
2304,152,184,138,250,187,-4.94,-5.65,7.49
2403,166,198,149,266,201,-3.92,-5.92,7.88
2503,164,198,148,268,203,-2.67,-6.12,8.39
2604,158,189,142,256,194,-2.39,-6.35,8.79
2703,169,202,152,277,209,-0.75,-6.39,9.06
2803,171,203,153,278,209,-0.27,-6.51,9.26
3003,173,207,156,285,215,2.31,-6.79,8.79
3103,172,209,154,285,214,1.92,-6.04,8.51
3203,170,208,156,287,216,3.37,-6.04,9.30
3303,171,209,155,287,217,3.22,-5.53,9.18
3403,171,209,155,287,218,5.92,-4.63,9.85
3503,171,209,154,288,218,2.82,-4.86,9.85
3603,171,209,154,288,218,3.33,-4.79,9.92
3703,167,209,153,289,218,4.79,-4.12,9.92
3803,170,209,154,288,218,4.59,-4.24,9.73
3903,171,210,152,289,219,4.86,-4.63,10.20
4003,171,209,151,289,219,3.69,-4.82,9.77
4103,171,209,152,289,218,2.43,-5.53,9.85
4203,172,209,150,289,218,3.45,-5.14,9.73
4303,171,209,150,279,219,1.96,-6.16,8.94
4403,170,209,150,289,219,0.67,-6.79,9.14
4503,170,209,149,289,218,0.86,-6.47,9.06
4603,171,209,149,287,218,0.12,-6.94,8.32
4703,171,208,147,288,218,-0.27,-7.14,8.00
4803,170,209,148,288,219,-0.86,-7.30,8.24
4903,170,210,150,288,218,-1.41,-7.53,7.96
5003,171,209,150,287,218,-1.92,-7.34,7.81
5103,171,208,150,288,217,-2.39,-7.18,7.53
5203,171,210,151,287,217,-3.65,-7.37,7.30
5303,171,209,151,287,217,-4.51,-7.10,6.98
5403,171,206,151,286,218,-4.90,-6.63,6.63
5504,172,210,151,283,216,-5.92,-6.16,6.04
5603,171,210,151,287,217,-6.51,-5.69,5.57
5703,168,210,151,286,216,-7.14,-5.37,5.37
5804,172,211,152,286,217,-7.69,-5.06,4.90
5903,172,210,154,285,217,-8.20,-4.67,4.47
6003,170,212,152,285,215,-8.63,-3.84,4.43
6203,173,212,154,286,215,-8.90,-2.16,2.75
6303,172,211,152,275,215,-9.49,-1.49,2.63
6403,172,211,152,285,215,-9.69,-0.63,2.55
6503,162,199,144,270,202,-9.73,-0.12,1.77
6603,160,204,147,276,208,-10.32,0.43,1.69
6703,167,196,147,272,206,-10.28,0.59,1.49
6803,171,207,151,279,211,-9.38,0.75,1.45
6903,0,194,140,256,192,-9.22,1.45,0.43
7003,11,185,133,252,189,-9.77,1.92,-0.35
7103,0,204,147,273,203,-9.81,2.12,-0.67
7203,0,205,149,276,208,-9.06,2.51,-0.78
7303,0,209,152,281,211,-8.83,2.82,-0.90
7403,0,205,149,275,207,-9.30,2.90,-1.33
7503,0,203,148,272,206,-9.18,2.90,-1.06
7603,0,201,144,270,203,-9.73,3.14,-1.37
7703,0,194,144,265,198,-9.57,2.98,-1.49
7803,0,191,143,255,192,-9.81,2.63,-1.18
7903,0,189,139,258,192,-9.49,2.08,-0.67
8003,0,189,140,251,190,-9.53,1.96,-0.75
8103,0,210,158,283,211,-9.61,1.57,-0.75
8203,2,203,152,272,205,-9.57,0.98,-0.59
8303,2,208,156,278,209,-9.89,0.39,-0.27
8403,0,169,128,225,168,-10.00,-0.35,-0.35
8503,0,208,156,278,210,-9.49,-1.10,0.20
8603,0,192,145,259,197,-9.61,-1.69,0.08
8704,0,211,159,282,211,-9.34,-2.47,0.39
8803,1,211,158,282,212,-9.45,-2.98,0.90
8903,0,208,156,275,209,-9.69,-3.61,0.90
9004,0,211,159,282,212,-8.83,-4.12,1.45
9103,2,211,158,279,211,-8.32,-4.55,2.12
9203,172,210,156,278,210,-8.55,-4.98,2.35
9403,170,205,154,275,207,-8.39,-5.45,2.47
9503,174,210,157,280,212,-8.20,-5.73,2.90
9603,169,202,152,271,204,-7.65,-6.00,3.41
9703,163,197,145,264,198,-7.45,-6.12,3.57
9803,160,196,143,262,198,-7.02,-6.35,3.53
9903,158,193,141,257,194,-6.83,-6.63,4.00
10003,154,187,137,247,184,-7.53,-6.75,3.65
10103,161,197,143,263,197,-6.94,-6.90,3.88
10203,167,204,149,272,206,-6.51,-7.30,4.28
10303,0,210,153,281,212,-6.00,-7.45,4.43
10403,0,212,153,283,214,-5.30,-7.85,4.63
10503,173,212,154,282,213,-4.51,-8.12,4.98
10603,173,212,152,283,213,-3.77,-8.63,5.10
10703,173,213,151,282,214,-2.94,-8.87,5.02
10803,172,212,152,276,214,-2.12,-9.06,5.30
10903,166,211,151,279,214,-1.53,-9.22,5.61
11003,171,212,151,283,215,-1.02,-9.57,6.12
11103,172,212,151,283,216,-0.71,-9.45,5.92
11203,173,212,148,284,215,-0.08,-9.61,5.65
11303,173,212,148,284,216,0.31,-9.34,5.84
11403,172,212,150,285,216,0.75,-9.38,5.65
11503,173,213,148,284,217,1.29,-9.49,5.88
11603,173,213,148,285,217,2.08,-9.38,6.00
11703,172,211,146,284,216,2.47,-9.41,5.84
11803,167,206,143,277,210,2.82,-9.18,5.84
11904,173,214,150,286,214,3.69,-8.79,5.81
12003,171,210,148,284,216,4.08,-9.14,5.73
12103,167,207,144,278,211,4.47,-9.02,5.53
12204,169,208,147,281,213,3.92,-8.87,5.37
12303,173,211,149,280,216,3.73,-8.90,5.49
12403,170,209,148,283,214,4.79,-8.32,5.84
12603,172,212,150,284,217,5.02,-8.36,5.10
12703,173,214,152,296,218,5.61,-8.16,5.53
12803,162,200,141,276,206,6.51,-7.81,5.41
12903,161,200,141,274,204,6.71,-7.57,5.41
13003,146,179,125,242,181,7.06,-7.34,4.71
13103,153,187,134,258,193,6.67,-7.02,4.86
13203,173,214,151,292,218,7.22,-6.75,5.77
13303,171,213,153,296,220,7.49,-6.63,5.14
13403,165,204,145,284,208,8.39,-5.81,5.14
13503,172,210,148,289,214,8.43,-5.49,4.98
13603,170,213,151,291,218,7.81,-5.26,5.14
13703,173,211,152,291,217,8.12,-5.22,5.18
13803,172,212,151,290,217,8.47,-5.33,5.45
13903,168,206,150,281,214,8.51,-5.10,5.61
14003,172,214,153,289,220,8.71,-4.79,5.53
14103,172,215,154,286,221,9.02,-4.39,5.49
14203,172,214,154,288,219,8.79,-4.31,5.26
14303,169,209,151,285,216,10.12,-3.45,5.81
14403,171,205,148,279,212,9.69,-4.04,5.14
14503,164,203,147,275,209,9.53,-3.84,6.00
14603,164,204,147,276,210,9.73,-3.92,5.61
14703,164,204,147,276,210,10.32,-3.53,5.02
14803,164,204,147,277,212,10.16,-3.49,5.22
14903,163,202,148,277,220,8.51,-4.51,5.22
15003,164,204,148,277,219,7.34,-5.41,5.45
15104,164,203,148,276,218,7.96,-5.57,5.33
15203,163,203,147,275,216,7.65,-5.73,5.22
15303,170,212,154,288,226,7.57,-6.12,5.22
15404,172,214,157,290,229,7.41,-6.67,5.37
15503,173,215,157,292,228,6.55,-7.37,5.77
15603,174,216,159,292,225,5.30,-7.96,6.79
15803,173,216,160,292,223,4.59,-8.20,6.28
15903,173,216,161,292,223,3.26,-8.39,5.88
16003,173,216,161,292,221,2.82,-8.39,5.96
16103,175,216,161,291,221,1.29,-8.87,6.63
16203,171,215,162,292,222,0.47,-8.83,6.98
16303,174,217,161,292,221,-0.20,-8.83,6.55
16403,173,214,162,288,220,-1.06,-8.67,6.47
16503,170,211,159,284,214,-2.28,-8.32,6.63
16603,173,215,161,289,220,-2.79,-8.16,6.24
16703,172,213,160,289,218,-4.16,-7.65,5.49
16803,167,207,153,277,208,-5.18,-7.41,5.77
16903,164,202,153,269,218,-6.16,-6.98,5.26
17003,166,202,157,282,213,-7.26,-6.28,4.63
17103,155,190,142,255,191,-7.88,-5.45,4.00
17203,159,196,146,262,198,-8.04,-4.94,4.08
17303,160,198,147,265,200,-8.71,-4.47,3.96
17403,172,210,154,281,212,-9.18,-3.26,2.55
17503,165,202,150,271,204,-9.02,-3.10,2.51
17603,173,212,157,284,215,-9.06,-3.02,2.98
17703,166,201,150,272,204,-9.61,-2.16,2.16
17803,170,206,153,277,207,-9.96,-1.88,1.84
17903,176,214,158,286,216,-10.16,-1.69,1.80
18003,167,204,148,272,203,-9.96,-1.69,1.92
18103,175,211,156,285,213,-10.00,-1.18,1.41
18203,175,213,155,284,213,-9.73,-0.98,1.49
18304,151,182,132,240,183,-9.77,-1.02,1.37
18403,171,207,150,275,204,-10.00,-0.94,1.37
18503,173,208,153,282,211,-9.45,-0.90,0.98
18604,167,200,145,267,202,-9.89,-1.22,0.43
18703,170,205,148,273,202,-10.32,-1.53,0.67
18803,174,210,151,280,211,-9.85,-1.49,0.08
19003,169,206,147,274,206,-9.53,-2.12,-0.12
19103,162,196,134,262,198,-9.57,-2.28,-0.31
19203,176,214,153,285,216,-8.87,-2.47,-0.59
19303,167,203,145,271,205,-9.10,-2.71,-0.47
19403,173,211,149,281,213,-9.34,-2.94,-0.35
19503,163,199,139,266,200,-9.34,-3.10,-0.12
19603,170,196,145,275,208,-9.38,-3.45,0.43
19703,176,212,149,284,215,-9.41,-3.92,0.67
19803,176,213,150,284,214,-9.22,-4.08,0.86
19903,160,204,143,264,205,-8.98,-4.04,1.10
20003,174,211,145,281,212,-8.94,-4.16,1.69
20103,175,210,148,281,211,-8.98,-4.04,1.77
20203,165,211,148,282,212,-9.18,-4.08,1.84
20303,174,209,146,278,208,-8.79,-4.31,2.51
20403,176,211,149,267,209,-8.94,-4.16,2.31
20503,176,210,148,279,207,-9.10,-4.00,2.39
20603,174,208,148,277,203,-9.22,-4.00,2.39
20703,173,206,145,276,200,-9.10,-4.12,2.47
20803,173,203,146,274,199,-8.83,-4.00,2.47
20903,173,203,147,273,198,-8.87,-4.12,2.28
21003,172,202,148,270,197,-8.83,-4.04,2.47
21103,171,199,147,268,195,-8.90,-3.92,2.71
21203,171,199,146,269,193,-8.94,-4.16,2.79
21303,171,201,148,268,193,-8.79,-3.80,3.22
21403,170,198,146,266,191,-8.75,-3.92,2.98
21504,170,197,145,265,198,-8.98,-3.92,3.18
21603,165,194,144,261,186,-9.06,-4.04,3.49
21703,161,191,143,258,184,-8.98,-4.12,3.26
21804,164,192,146,258,187,-8.71,-4.00,2.28
21903,167,195,146,264,188,-9.14,-4.08,2.28
22003,166,195,146,262,186,-9.02,-3.84,2.82
22203,166,196,145,262,187,-9.18,-3.45,2.67
22303,166,194,145,260,188,-8.90,-3.73,2.16
22403,167,196,144,263,187,-9.26,-3.57,2.47
22503,166,196,144,262,189,-9.53,-4.04,2.12
22603,169,197,148,262,189,-9.30,-3.77,2.31
22703,167,194,146,264,189,-9.30,-3.77,2.59
22803,169,197,147,264,187,-9.02,-3.84,2.35
22903,168,197,146,264,189,-9.30,-3.57,2.79
23003,168,196,145,264,188,-9.30,-3.45,2.86
23103,167,196,147,264,189,-9.30,-3.45,2.82
23203,168,196,150,264,189,-9.10,-3.65,2.67
23303,167,197,146,264,189,-8.94,-3.26,3.41
23403,167,194,146,265,189,-9.06,-3.37,2.82
23503,164,197,147,264,189,-9.34,-3.30,3.49
23603,167,195,151,265,186,-9.02,-3.65,3.37
23703,167,195,149,264,188,-9.34,-3.30,3.53
23803,165,195,146,263,187,-8.94,-3.53,3.53
23903,166,195,146,263,187,-9.22,-3.77,2.94
24003,165,193,145,261,187,-8.94,-3.77,3.10
24103,163,192,144,258,185,-9.41,-3.30,3.96
24203,164,194,146,261,186,-9.49,-3.30,3.69
24303,165,194,147,262,188,-9.14,-3.41,2.79
24403,167,197,147,264,189,-9.14,-3.88,2.51
24503,166,196,146,263,188,-9.02,-4.35,1.96
24603,166,198,148,265,190,-9.10,-4.04,1.18
24704,166,197,148,264,189,-8.94,-4.20,0.71
24803,160,189,141,255,181,-9.10,-4.35,0.82
24903,162,192,144,258,184,-9.14,-4.47,0.20
25004,166,197,147,262,187,-9.10,-4.35,0.27
25103,166,198,147,267,190,-8.75,-4.20,-0.35
25203,167,198,147,267,189,-8.87,-4.28,-0.98
25403,165,198,150,267,190,-8.87,-4.08,-1.45
25503,168,198,148,266,189,-8.47,-3.92,-1.53
25603,168,198,149,267,190,-9.06,-3.53,-1.02
25703,169,199,150,268,190,-9.22,-3.22,-0.98
25803,166,199,151,266,192,-9.30,-3.06,-1.57
25903,169,199,148,267,190,-9.10,-2.98,-1.73
26003,170,201,150,268,191,-9.26,-2.55,-1.41
26103,169,199,150,267,190,-9.34,-2.59,-1.80
26203,170,199,149,264,188,-9.34,-2.51,-2.00
26303,170,200,151,268,192,-9.22,-2.39,-1.65
26403,170,199,149,267,192,-9.14,-2.12,-2.00
26503,170,198,151,267,190,-9.22,-1.96,-2.16
26603,169,197,149,267,189,-9.41,-1.84,-2.24
26703,172,199,151,268,191,-9.26,-1.80,-2.35
26803,1,199,151,268,191,-9.85,-1.26,-1.26
26903,0,185,140,248,176,-9.30,-1.33,-1.26
27003,0,200,150,268,191,-9.34,-1.10,-1.45
27103,1,199,148,261,189,-9.77,-0.90,-2.08
27203,1,197,150,265,188,-9.85,-1.33,-1.49
27303,0,198,151,265,191,-9.45,-1.26,-1.53
27403,2,199,151,268,191,-9.22,-1.45,-1.88
27503,1,201,150,271,192,-9.77,-1.37,-1.14
27603,0,197,151,267,191,-9.57,-1.53,-1.45
27703,0,200,151,268,191,-9.53,-1.29,-1.61
27803,2,196,150,266,191,-9.18,-0.90,-1.33
27904,0,200,148,266,192,-9.53,-0.98,-1.26
28003,0,201,151,264,191,-9.77,-0.86,-0.78
28103,2,198,150,269,193,-9.85,-0.98,-1.14
28204,0,199,149,266,192,-9.49,-0.98,-1.18
28303,2,201,152,266,191,-9.14,-0.47,-0.63
28403,0,198,150,266,191,-9.85,-0.43,-0.39
28603,0,198,149,265,192,-8.79,-0.82,-0.71
28703,0,200,149,266,191,-9.57,-0.43,-1.57
28803,0,200,150,266,191,-9.26,-0.51,-0.98
28903,0,200,149,265,192,-10.12,0.24,-0.75
29003,0,199,147,264,191,-9.92,0.04,-0.55
29103,0,200,148,265,191,-9.92,0.04,-0.94
29203,0,199,148,266,190,-9.57,0.39,-1.33
29303,0,199,149,265,191,-9.38,0.20,-0.90
29403,0,199,150,265,191,-8.79,0.51,-0.98
29503,0,200,149,265,191,-9.22,0.51,-1.45
29603,0,198,148,265,193,-8.83,0.82,-1.73
29703,0,199,149,265,193,-9.96,-0.04,-1.53
29803,0,200,148,265,193,-9.65,0.16,-1.77
29903,0,193,148,265,192,-9.18,-0.16,-2.16
30003,0,200,148,265,192,-9.22,-0.27,-2.20
30103,0,200,149,257,192,-9.73,-0.35,-1.77
30203,0,199,148,265,192,-9.38,-0.98,-1.61
30303,177,200,149,265,192,-8.63,-1.02,-1.96
30403,176,200,149,265,193,-8.75,-1.73,-1.61
30503,176,201,148,264,192,-9.10,-1.88,-2.04
30603,175,200,148,265,192,-8.98,-2.55,-2.20
30703,175,190,148,265,192,-9.02,-2.67,-1.65
30803,175,201,148,265,192,-9.26,-2.63,-1.61
30903,175,202,147,265,192,-9.14,-2.59,-1.88
31003,175,200,148,265,192,-9.18,-2.79,-1.92
31104,174,200,147,264,192,-9.45,-2.75,-2.08
31203,175,201,147,265,192,-9.38,-2.86,-1.77
31303,174,191,147,263,191,-8.83,-3.26,-1.41
31404,173,200,147,265,192,-9.06,-2.98,-1.84
31503,174,200,148,265,192,-9.06,-2.98,-1.77
31603,174,201,147,265,192,-8.87,-3.10,-1.65
31803,162,200,147,265,192,-9.22,-3.77,-0.55
31903,173,200,147,265,192,-9.14,-3.84,-0.51
32003,0,200,147,266,192,-8.90,-3.96,-0.20
32103,0,188,146,265,193,-9.14,-4.16,-0.51
32203,0,201,142,266,192,-9.57,-3.84,-0.71
32303,0,200,148,266,192,-8.83,-4.12,-0.27
32403,0,200,146,258,192,-9.02,-3.73,-0.55
32503,9,200,146,265,192,-8.98,-3.88,-0.04
32603,173,200,146,253,193,-8.39,-3.92,0.00
32703,173,199,146,265,193,-8.79,-3.73,-0.08
32803,172,200,147,265,193,-9.61,-3.45,0.20
32903,173,200,147,265,192,-9.53,-3.53,0.04
33003,172,199,147,265,192,-9.53,-3.22,-0.08
33103,172,199,146,263,192,-9.06,-3.69,0.12
33203,173,200,147,265,192,-8.63,-3.33,-0.47
33303,173,199,147,265,193,-9.14,-3.37,-0.82
33403,173,199,146,264,192,-9.10,-3.22,-0.82
33503,174,200,147,267,192,-9.34,-3.30,-0.59
33603,174,199,146,265,192,-9.34,-3.18,-1.22
33703,175,199,148,265,192,-9.06,-3.37,-1.02
33803,174,199,149,265,193,-9.02,-2.98,-0.90
33903,173,199,147,265,192,-9.14,-3.33,-1.29
34003,175,199,148,265,192,-9.34,-3.77,-0.98
34103,174,194,147,265,193,-9.41,-3.41,-0.98
34203,173,199,147,265,193,-9.34,-3.33,-0.51
34304,175,199,147,266,193,-9.22,-3.22,-0.20
34403,175,199,147,266,192,-9.22,-3.41,-0.20
34503,176,198,147,267,192,-8.98,-3.49,-0.43
34604,175,199,148,267,193,-9.34,-3.41,-0.16
34703,175,200,149,266,193,-9.57,-3.37,0.20
34803,175,196,148,267,193,-9.38,-3.33,0.27
35003,176,200,148,267,192,-9.26,-2.98,0.63
35103,175,199,148,266,193,-9.57,-2.79,0.67
35203,175,199,148,266,193,-9.65,-2.59,1.29
35303,177,199,148,267,194,-9.57,-2.59,0.82
35403,175,199,148,267,194,-9.85,-2.39,1.77
35503,175,200,147,267,192,-9.81,-2.67,1.37
35603,175,200,148,266,193,-9.57,-2.67,1.49
35703,173,200,148,265,192,-9.30,-2.90,1.02
35803,175,200,148,266,193,-9.38,-3.02,1.02
35903,174,199,148,267,193,-9.30,-3.26,1.02
36003,175,198,148,266,193,-9.73,-2.71,0.94
36103,174,200,149,264,193,-9.34,-3.49,0.63
36203,174,201,148,266,194,-9.49,-3.26,0.82
36303,175,199,148,266,193,-9.92,-2.86,0.82
36403,176,200,149,266,193,-9.49,-3.37,0.35
36503,175,200,149,267,191,-9.10,-3.37,0.20
36603,174,195,148,267,194,-8.98,-3.80,0.00
36703,175,201,148,267,194,-9.02,-3.41,-0.24
36803,175,196,148,266,195,-9.10,-3.49,-0.82
36903,175,202,148,267,192,-9.14,-3.49,-0.39
37003,174,200,150,266,193,-9.38,-3.26,-0.59
37103,172,200,149,266,193,-9.26,-3.41,-0.94
37203,175,203,148,266,194,-9.22,-3.26,-0.86
37303,174,200,149,267,193,-8.94,-3.45,-0.94
37403,174,195,149,267,193,-9.14,-3.45,-1.06
37504,175,200,149,266,193,-9.49,-3.33,-1.18
37603,174,200,148,267,193,-8.94,-3.41,-1.33
37703,174,200,149,268,194,-8.94,-3.45,-1.33
37804,174,200,150,267,194,-8.71,-3.80,-1.26
37903,173,200,150,268,193,-8.87,-3.84,-2.08
38003,173,199,149,268,193,-9.18,-3.45,-1.57
38203,172,202,148,265,193,-8.79,-3.53,-2.12
38303,172,201,150,268,192,-8.59,-3.69,-2.31
38403,172,203,148,269,194,-8.55,-3.77,-2.31
38503,172,200,147,266,193,-8.67,-3.73,-1.92
38603,172,201,149,268,193,-8.43,-3.84,-2.24
38703,172,200,149,269,194,-8.67,-3.73,-2.43
38803,171,203,149,267,194,-8.51,-3.80,-2.55
38903,172,202,150,268,193,-8.36,-3.69,-2.67
39003,171,200,150,268,194,-8.12,-3.84,-2.63
39103,172,201,148,266,194,-8.28,-3.77,-2.90
39203,172,200,149,271,192,-8.55,-3.57,-2.43
39303,171,201,150,270,193,-8.79,-3.41,-2.75
39403,171,203,150,271,193,-8.51,-3.45,-2.90
39503,170,200,149,269,193,-8.51,-3.10,-2.71
39603,174,202,151,270,193,-8.51,-2.82,-2.86
39703,171,202,150,269,194,-8.24,-2.47,-3.14
39803,175,202,149,268,194,-8.08,-2.31,-3.80
39903,174,198,150,270,194,-8.16,-2.08,-4.31
40003,176,205,150,271,195,-8.04,-1.77,-4.35
40103,176,201,151,272,195,-8.87,-1.37,-3.10
40203,176,204,150,272,196,-8.63,-1.73,-3.61
40303,176,205,149,272,195,-8.55,-1.65,-3.02
40403,178,204,149,271,194,-8.43,-1.49,-3.02
40503,176,206,147,271,196,-9.49,-1.18,-3.02
40603,175,205,149,273,196,-9.22,-0.82,-3.14
40704,175,203,151,271,195,-8.87,-0.39,-3.10
40803,176,205,150,270,194,-8.63,-0.24,-3.22
40903,177,206,150,271,195,-8.63,-0.20,-3.45
41004,174,204,149,271,194,-9.41,0.39,-2.86
41103,178,205,149,270,193,-8.98,0.94,-2.79
41203,176,203,150,270,194,-8.90,1.06,-2.35
41403,177,203,150,271,193,-8.83,2.00,-2.28
41503,176,204,150,270,194,-8.98,2.35,-2.51
41603,178,203,147,270,194,-8.51,2.86,-2.31
41703,177,203,150,271,194,-8.28,3.49,-2.20
41803,176,206,150,270,194,-8.36,3.84,-1.92
41903,176,203,150,271,194,-7.81,4.28,-2.31
42003,177,203,149,271,193,-7.81,4.67,-2.16
42103,177,204,150,270,193,-7.92,5.18,-2.24
42203,175,202,148,270,192,-7.88,5.65,-2.16
42303,177,204,149,270,193,-7.65,6.12,-2.00
42403,177,203,150,269,193,-7.37,6.67,-2.39
42503,177,204,149,269,195,-6.98,6.75,-2.24
42603,178,206,150,271,193,-6.24,6.71,-2.12
42703,175,207,150,271,192,-5.81,7.02,-2.20
42803,174,203,148,271,193,-5.88,7.57,-1.96
42903,172,204,149,270,193,-5.37,7.69,-1.61
43003,173,204,149,269,193,-5.10,7.88,-1.37
43103,173,201,148,270,193,-4.98,8.32,-1.33
43203,173,203,150,270,193,-4.90,8.63,-1.53
43303,172,204,150,270,194,-4.24,8.83,-1.10
43403,173,202,149,270,193,-4.24,8.87,-1.29
43503,172,200,150,270,193,-3.69,8.83,-0.98
43603,171,203,150,270,192,-3.33,9.34,-1.41
43703,174,202,150,270,192,-3.45,9.34,-1.29
43803,171,204,150,270,193,-3.30,9.18,-1.14
43904,171,203,149,270,192,-2.71,9.18,-1.33
44003,172,203,149,269,193,-2.59,9.34,-1.29
44103,172,202,150,269,193,-2.98,9.45,-1.14
44204,172,203,150,270,192,-2.75,9.41,-1.33
44303,171,209,149,269,194,-2.59,9.41,-1.22
44403,171,203,149,270,193,-2.20,9.53,-1.41
44603,172,205,150,269,190,-1.96,9.81,-0.98
44703,171,203,151,269,192,-1.61,9.85,-1.10
44803,169,203,150,269,193,-1.96,9.65,-0.82
44903,170,203,150,269,193,-1.57,9.81,-0.82
45003,171,202,152,268,193,-1.26,9.96,-0.90
45103,172,203,150,269,193,-0.94,9.89,-0.59
45203,170,203,141,268,193,-0.90,9.96,-0.90
45303,170,205,150,269,193,-0.08,9.81,-0.78
45403,170,203,148,269,193,0.20,9.89,-1.02
45503,170,202,150,269,193,1.18,9.77,-1.10
45603,169,204,149,269,191,0.75,9.92,-0.82
45703,169,205,150,269,193,0.59,9.96,-0.82
45803,170,202,149,269,192,1.10,10.08,-0.78
45903,169,203,150,268,194,1.53,9.96,-0.71
46003,166,201,149,272,194,1.02,10.00,-0.75
46103,168,202,150,268,193,0.98,9.96,-0.94
46203,162,204,151,274,194,0.67,9.92,-0.94
46303,171,204,149,269,193,0.12,10.08,-1.26
46403,173,204,149,269,193,0.35,9.92,-1.41
46503,171,203,149,268,193,-0.35,9.89,-1.53
46603,171,202,149,268,194,-0.51,9.73,-1.73
46703,170,203,148,268,194,-1.73,9.81,-1.69
46803,171,203,150,266,193,-1.84,9.45,-2.08
46903,171,204,150,268,193,-2.39,9.30,-2.08
47003,169,203,150,269,193,-3.02,9.14,-2.28
47104,171,202,149,269,194,-3.61,8.87,-2.39
47203,170,203,150,268,193,-4.24,8.39,-2.39
47303,170,203,149,268,193,-4.35,7.88,-2.12
47404,171,204,150,269,193,-4.98,7.88,-2.55
47503,170,203,150,269,194,-5.57,7.53,-2.75
47603,170,201,151,268,193,-6.00,7.10,-2.75
47803,171,204,150,266,194,-7.14,5.61,-2.39
47903,170,205,150,270,194,-7.37,5.14,-2.51
48003,169,205,150,269,194,-7.57,4.59,-2.28
48103,169,205,150,270,195,-7.92,4.16,-2.00
48203,169,204,150,271,195,-9.02,3.61,-1.92
48303,167,202,150,270,194,-9.65,2.82,-1.49
48403,169,204,150,270,195,-9.22,2.12,-1.18
48503,169,204,149,270,195,-9.34,1.22,-0.55
48603,168,205,150,271,196,-9.61,0.94,-0.39
48703,169,204,150,271,196,-9.65,0.20,0.00
48803,170,204,151,272,197,-9.73,-0.39,0.31
48903,169,205,150,270,197,-9.81,-0.90,0.75
49003,169,204,150,271,197,-9.69,-1.49,1.45
49103,169,205,150,270,196,-9.61,-2.16,1.80
49203,170,205,151,270,197,-9.53,-2.86,2.24
49303,167,204,151,270,195,-9.30,-3.41,2.67
49403,169,202,150,270,195,-8.83,-3.69,2.82
49503,168,203,149,271,195,-8.67,-4.08,3.22
49603,168,204,150,270,195,-8.71,-4.39,3.37
49703,168,204,148,271,195,-8.59,-4.67,3.65
49803,167,202,150,270,194,-8.00,-4.94,3.53
49903,169,204,150,270,195,-7.81,-5.26,3.77
50003,169,204,145,270,195,-7.69,-5.61,4.24
50103,169,204,149,268,195,-7.41,-6.12,4.63
50203,171,204,150,270,194,-6.71,-6.32,4.59
50304,168,205,150,271,195,-6.39,-6.75,5.02
50403,170,204,149,270,194,-5.57,-7.53,5.45
50503,168,205,149,270,196,-4.71,-7.88,5.88
50604,169,204,152,271,195,-4.16,-8.08,6.00
50703,168,205,151,272,196,-3.41,-8.08,6.12
50803,169,204,149,272,195,-3.37,-8.12,5.96
51003,166,206,151,272,196,-1.73,-8.83,6.63
51103,169,205,148,271,196,-1.37,-8.90,6.39
51203,168,206,150,272,196,-0.94,-8.83,6.32
51303,169,205,151,273,196,-0.08,-8.94,6.51
51403,168,205,150,273,196,0.24,-9.14,6.47
51503,169,206,149,273,196,0.90,-9.14,6.51
51603,169,206,149,273,196,1.77,-9.14,6.47
51703,167,205,151,273,197,2.28,-9.06,6.39
51803,169,205,149,272,197,2.39,-8.83,6.24
51903,170,204,150,274,197,3.14,-8.83,6.28
52003,168,206,150,271,198,3.02,-8.79,6.24
52103,168,205,150,274,197,3.45,-8.90,6.20
52203,169,207,150,274,198,3.77,-8.67,6.08
52303,168,206,150,275,197,4.86,-8.59,5.73
52403,168,207,150,272,197,5.41,-8.08,5.57
52503,167,208,150,273,197,5.14,-7.88,5.49
52603,169,207,150,275,198,6.08,-7.96,5.45
52703,169,207,150,276,199,6.86,-7.77,5.49
52803,169,207,150,274,199,5.92,-7.45,5.18
52903,169,207,150,276,199,6.94,-7.53,5.69
53003,169,207,152,276,199,7.30,-7.10,5.57
53103,170,207,153,276,199,7.37,-7.14,5.26
53203,169,209,151,277,198,8.04,-6.98,5.10
53303,170,208,150,275,199,7.41,-6.94,5.22
53403,169,210,153,276,199,7.61,-6.55,5.30
53504,170,209,148,277,200,7.85,-6.43,5.06
53603,171,209,152,279,200,8.00,-6.43,5.26
53703,170,211,149,278,200,7.34,-6.28,5.53
53804,168,208,150,277,201,8.20,-5.96,4.79
53903,168,210,151,276,201,8.59,-5.73,4.94
54003,169,208,151,277,199,8.00,-5.77,4.94
54203,169,212,151,276,200,9.10,-5.37,5.06
54303,168,211,151,277,199,8.36,-5.33,5.26
54403,169,212,151,276,201,9.10,-5.14,5.06
54503,170,213,152,279,202,9.06,-4.82,4.71
54603,169,212,152,279,201,9.53,-4.31,5.10
54703,168,212,151,279,202,8.67,-4.39,4.47
54803,167,213,151,279,200,9.53,-4.04,5.53
54903,169,211,150,280,201,9.81,-4.31,4.98
55003,169,214,151,278,202,9.57,-4.04,4.94
55103,168,213,153,279,203,9.73,-4.00,5.10
55203,168,213,152,279,202,9.92,-4.16,4.71
55303,169,214,151,280,201,10.00,-4.63,5.02
55403,168,214,152,281,202,10.12,-4.59,4.98
55503,167,213,150,280,202,7.73,-5.18,5.14
55603,169,214,151,280,203,8.39,-6.04,5.14
55703,170,213,150,281,203,7.57,-6.43,5.33
55803,169,213,153,281,201,5.14,-7.41,5.73
55903,170,213,150,281,202,5.49,-7.73,6.32
56003,170,213,151,278,202,4.39,-7.96,6.47
56103,170,212,152,279,200,3.18,-8.12,6.71
56203,158,200,143,262,188,1.96,-8.32,6.83
56303,156,196,137,256,186,1.45,-8.55,7.06
56403,166,206,147,274,195,0.82,-8.47,7.14
56503,166,207,147,272,195,-0.12,-8.32,7.10
56603,172,213,150,279,199,-1.77,-8.20,7.41
56704,171,212,151,278,201,-2.20,-7.69,7.22
56803,165,207,144,270,193,-3.92,-6.94,7.22
56903,164,204,144,268,191,-5.22,-6.00,7.02
57004,166,206,147,273,195,-6.51,-4.98,6.83
57103,170,208,148,273,195,-7.45,-4.12,6.16
57203,159,199,145,271,194,-8.28,-3.10,5.81
57403,164,200,143,266,189,-8.94,-1.57,5.10
57503,162,200,141,262,187,-8.83,-0.75,4.94
57603,172,209,144,273,195,-8.94,0.00,4.82
57703,171,209,145,272,194,-8.98,0.71,4.08
57803,171,210,147,272,196,-9.18,1.84,3.92
57903,170,207,147,272,193,-9.22,2.39,3.57
58003,168,205,145,269,192,-9.57,3.22,2.51
58103,169,205,147,271,193,-8.55,4.16,1.45
58203,0,208,148,273,196,-8.36,4.71,1.14
58303,3,208,149,274,196,-7.77,5.45,1.18
58403,1,208,149,272,195,-7.30,6.16,0.35
58503,0,209,148,274,195,-7.10,6.79,0.51
58603,0,208,149,275,195,-6.59,7.34,0.04
58703,0,211,149,273,196,-5.06,7.92,-0.86
58803,0,209,149,273,195,-5.69,8.75,-0.82
58903,0,208,147,274,196,-5.02,9.38,-0.63
59003,0,206,149,272,194,-3.14,9.10,-0.82
59103,0,187,135,247,177,-2.20,9.49,-0.90
59203,156,186,134,239,170,-1.37,10.00,-0.98
59303,163,193,138,252,181,-0.63,10.00,-1.22
59403,160,191,138,252,182,-0.67,9.81,-0.86
59503,0,193,138,253,181,-0.27,9.81,-0.98
59603,4,196,139,254,182,1.49,10.08,-1.61
59703,0,193,139,254,182,1.69,10.24,-1.61
59803,2,191,137,251,180,1.77,9.96,-1.18
59904,0,204,147,269,193,2.59,9.69,-0.90
60003,0,191,136,247,178,2.71,9.81,-1.10
60103,0,194,138,255,182,3.49,9.69,-0.75
60204,0,194,139,253,182,3.84,9.45,-0.43
60303,0,194,138,252,182,5.37,8.90,-0.24
60403,0,187,136,249,179,6.51,8.98,0.08
60603,0,203,146,263,190,6.43,8.59,0.31
60703,0,207,149,271,195,6.75,8.24,0.39
60803,0,208,149,273,196,6.39,8.24,0.20
60903,0,207,150,273,196,7.41,7.77,0.63
61003,0,208,148,272,195,7.45,7.22,1.02
61103,0,207,149,272,195,8.16,7.37,1.26
61203,0,207,145,272,195,8.24,7.10,1.33
61303,3,207,148,272,195,8.24,6.79,1.61
61403,0,207,148,271,195,8.63,5.96,2.28
61503,0,207,149,271,195,8.83,5.73,2.35
61603,0,206,149,272,196,9.14,5.45,2.00
61703,0,207,147,271,195,10.12,4.75,2.47
61803,3,207,149,271,197,9.81,4.59,2.47
61903,0,207,149,271,196,9.41,4.39,2.82
62003,0,207,149,270,195,9.96,4.16,2.94
62103,0,207,149,272,195,10.24,4.24,2.71
62203,0,207,146,272,195,10.00,3.84,2.71
62303,0,207,149,272,189,10.00,3.65,2.94
62403,0,207,149,270,196,10.08,3.92,2.79
62503,171,207,150,267,196,10.08,3.80,2.82
62603,171,206,148,272,196,9.57,3.84,3.14
62703,171,207,150,272,195,10.00,3.84,2.67
62803,171,208,150,271,195,10.04,3.92,2.63
62903,170,208,149,271,196,10.20,3.61,2.55
63003,171,208,149,272,196,10.00,3.88,2.20
63104,169,208,149,272,195,10.24,3.92,2.28
63203,172,208,148,272,195,10.36,3.96,2.20
63303,171,208,149,272,195,10.47,3.92,2.16
63404,171,208,149,272,196,10.20,4.00,2.12
63503,171,208,149,271,196,10.20,3.92,2.00
63603,171,210,149,270,196,9.92,4.00,2.04
63803,171,208,149,272,195,10.20,4.08,1.37
63903,171,208,149,272,196,10.28,4.08,1.29
64003,171,208,150,272,196,9.73,4.16,1.26
64103,172,208,149,261,197,9.73,4.08,1.10
64203,158,208,149,272,196,10.16,4.20,1.10
64303,172,208,150,263,197,10.20,4.04,0.90
64403,172,209,150,272,197,10.16,4.04,0.55
64503,169,209,149,275,197,10.24,4.24,-0.78
64603,171,196,148,273,191,10.43,3.80,-1.45
64703,171,209,148,272,189,9.92,3.49,-2.00
64803,171,210,149,273,198,10.00,3.45,-2.51
64903,172,209,150,272,198,9.41,3.18,-2.75
65003,171,210,150,272,198,9.53,2.90,-3.10
65103,171,209,149,271,198,8.94,2.63,-3.18
65203,171,208,149,272,198,9.10,2.51,-3.80
65303,171,209,148,270,198,8.98,2.20,-4.31
65403,172,208,150,271,198,8.79,1.84,-4.35
65503,171,209,150,272,198,8.55,1.77,-4.67
65603,171,208,149,271,198,8.63,1.77,-5.10
65703,171,208,149,271,198,7.96,1.41,-5.30
65803,172,208,150,272,197,7.96,1.41,-6.00
65903,171,208,149,271,196,7.61,1.37,-6.12
66003,171,209,148,271,198,7.45,0.86,-6.39
66103,149,194,140,257,187,7.30,0.71,-6.67
66203,163,199,142,258,189,6.86,0.75,-7.06
66304,159,194,139,252,183,6.59,0.47,-6.98
66403,165,201,143,263,191,6.16,0.47,-7.06
66503,170,201,148,271,198,6.00,0.59,-7.30
66604,170,208,150,271,197,5.92,0.39,-7.57
66703,170,207,149,271,193,5.92,0.20,-7.53
66803,170,207,149,271,198,5.57,0.12,-7.88
67003,171,208,149,271,197,5.06,-0.20,-7.81
67103,170,208,149,271,197,5.14,-0.08,-7.81
67203,170,208,149,271,198,5.02,-0.08,-7.92
67303,162,207,149,271,198,5.06,-0.31,-7.92
67403,170,207,150,271,197,4.90,-0.35,-7.88
67503,170,208,150,270,197,4.90,-0.59,-8.00
67603,170,208,141,271,198,4.59,-0.71,-8.24
67703,170,206,149,270,196,4.79,-0.78,-7.96
67803,170,208,149,271,197,4.82,-0.78,-8.12
67903,169,197,149,271,197,4.59,-0.63,-8.12
68003,169,207,149,271,197,4.71,-0.47,-8.08
68103,168,208,150,271,198,4.71,-0.20,-8.04
68203,169,207,150,271,197,4.94,-0.31,-7.77
68303,166,205,147,269,196,4.67,-0.31,-7.69
68403,155,181,139,251,183,4.90,-0.55,-8.08
68503,159,197,140,256,187,4.90,-0.67,-8.39
68603,166,206,147,269,196,4.71,-0.75,-8.08
68703,166,206,149,269,196,4.86,-0.78,-7.88
68803,156,207,148,270,196,4.94,-0.71,-7.77
68903,166,206,148,270,196,4.90,-0.63,-8.24
69003,166,207,148,270,196,4.82,-0.71,-7.85
69103,166,206,148,270,196,4.86,-0.75,-7.92
69203,165,205,147,266,195,4.82,-0.86,-8.04
69303,160,199,144,261,190,4.98,-0.67,-7.88
69403,158,196,142,259,186,4.94,-0.71,-8.08
69504,161,202,144,263,192,4.79,-0.75,-8.12
69603,161,200,145,264,191,4.63,-0.71,-8.12
69703,160,188,144,262,190,4.63,-0.63,-8.12
69804,157,197,141,258,187,4.71,-0.86,-8.00
69903,162,203,147,266,193,4.79,-0.63,-7.92
70003,163,204,146,268,194,4.67,-0.55,-8.16
70203,161,200,144,252,191,4.35,-0.59,-8.12
70303,165,207,149,271,197,4.51,-0.51,-8.28
70403,164,207,140,271,197,4.63,-0.55,-8.36
70503,165,205,149,271,196,4.71,-0.39,-8.39
70603,164,205,149,269,195,4.86,-0.24,-7.96
70703,165,206,148,271,196,4.90,-0.24,-8.12
70803,164,206,148,270,196,4.94,-0.31,-8.04
70903,164,205,148,269,196,4.86,-0.51,-7.92
71003,162,202,146,266,187,4.82,-0.47,-8.00
71103,151,189,136,247,179,5.22,-0.59,-7.92
71203,164,205,148,271,196,5.02,-0.55,-7.92
71303,165,205,149,271,196,4.98,-0.75,-7.88
71403,164,204,147,270,190,3.88,-1.18,-7.92
71503,164,206,148,270,196,3.57,-1.61,-8.67
71603,165,205,145,271,196,2.67,-1.69,-8.43
71703,146,186,135,243,175,2.12,-1.96,-8.47
71803,158,196,141,259,187,1.92,-2.00,-8.75
71903,163,203,145,267,193,1.14,-2.31,-8.75
72003,164,205,148,270,196,0.20,-2.55,-8.87
72103,165,205,149,270,196,-0.82,-2.67,-8.67
72203,155,192,139,253,183,-1.84,-2.90,-8.36
72303,162,200,144,265,192,-2.04,-2.94,-8.28
72403,165,203,149,270,196,-2.35,-3.14,-7.81
72503,158,196,142,260,189,-3.41,-3.10,-7.73
72603,157,195,141,257,186,-4.59,-3.26,-7.30
72704,165,205,148,269,194,-5.37,-3.26,-6.47
72803,163,204,146,268,195,-5.92,-3.30,-6.08
72903,165,205,148,270,195,-6.94,-3.37,-5.14