4,179,217,165,313,234,-8.75,-3.26,0.43
103,180,215,167,316,235,-8.36,-3.77,1.33
203,182,214,172,321,236,-8.79,-4.08,0.90
303,181,215,175,324,236,-10.32,-4.67,1.53
403,180,215,173,324,237,-10.47,-4.55,0.08
503,181,216,174,324,239,-8.63,-3.57,1.69
603,179,217,174,324,239,-8.43,-3.22,-0.51
703,180,217,174,325,240,-9.61,-4.16,0.59
803,180,217,173,325,240,-9.26,-4.04,0.43
903,179,218,173,327,240,-9.34,-4.20,0.47
1003,179,218,173,332,239,-8.90,-4.24,0.59
1103,179,218,173,331,239,-8.75,-4.71,0.27
1203,179,219,173,331,239,-8.90,-4.86,0.35
1303,180,218,173,330,239,-9.02,-4.59,0.20
1403,169,218,173,330,238,-8.83,-4.67,0.51
1503,180,219,172,330,238,-8.75,-4.90,0.78
1603,170,218,173,329,238,-8.94,-4.98,0.78
1703,180,218,172,330,237,-8.63,-5.10,0.75
1803,180,218,172,329,237,-8.71,-4.90,0.55
1903,180,218,172,329,238,-8.39,-5.06,0.00
2003,179,218,171,329,238,-8.36,-5.30,-0.16
2103,179,217,173,329,238,-8.08,-5.37,-0.71
2203,179,214,171,329,237,-8.28,-5.65,-0.86
2304,179,219,171,329,237,-8.36,-5.33,-0.39
2403,179,218,172,330,237,-8.12,-5.61,-0.35
2503,178,218,172,328,238,-8.67,-5.26,-0.43
2604,179,219,172,328,238,-8.75,-4.90,-0.12
2703,179,219,171,328,238,-8.79,-6.47,-0.67
2803,180,219,172,335,238,-8.67,-4.79,-0.75
3003,172,218,173,329,240,-8.94,-4.43,0.16
3103,179,218,173,329,240,-9.10,-4.43,-0.31
3203,179,219,172,328,239,-8.79,-4.75,-0.31
3303,175,218,173,328,238,-8.94,-4.35,-0.67
3403,178,218,171,328,238,-8.98,-4.16,-0.16
3503,178,218,172,326,239,-8.87,-4.35,-0.24
3603,179,217,172,329,237,-8.79,-4.82,-0.59
3703,176,219,173,328,239,-9.10,-4.31,-0.04
3803,179,217,172,328,239,-9.02,-4.28,-0.27
3903,179,217,175,328,240,-8.87,-4.39,-0.31
4003,177,218,173,329,236,-8.59,-4.82,-0.27
4103,180,221,175,329,238,-8.67,-4.90,-0.04
4203,180,216,171,328,238,-8.55,-4.82,-0.55
4303,179,219,173,328,238,-8.36,-4.43,-0.90
4403,180,218,173,328,237,-8.71,-4.59,-0.67
4503,180,217,173,327,237,-9.14,-4.67,-0.16
4603,178,217,173,328,240,-8.59,-4.39,-0.47
4703,179,219,173,328,239,-8.87,-4.55,-0.31
4803,179,218,173,329,238,-9.45,-4.59,-0.08
4903,178,216,173,328,239,-8.98,-4.31,-0.27
5003,179,218,175,328,239,-8.39,-4.35,-0.75
5103,179,218,173,328,237,-9.18,-4.31,-0.27
5203,179,218,174,325,238,-8.83,-4.59,-0.24
5303,184,218,173,328,239,-8.83,-4.47,-0.04
5403,179,218,174,327,240,-8.94,-4.55,0.20
5504,181,219,173,329,238,-9.22,-4.82,-0.27
5603,180,217,173,328,237,-8.75,-4.59,-0.12
5703,180,220,175,328,238,-8.00,-4.28,-0.31
5804,182,221,175,328,237,-8.51,-4.43,-0.51
5903,179,217,177,327,237,-9.10,-3.80,0.00
6003,181,218,180,324,235,-9.34,-4.90,-0.47
6203,180,217,186,329,237,-8.90,-4.63,-0.31
6303,181,220,204,345,235,-9.02,-3.77,0.04
6403,185,219,243,385,240,-9.53,-3.80,0.51
6503,184,219,282,434,260,-9.34,-3.92,-0.20
6603,186,223,303,462,276,-9.14,-3.84,-0.90
6703,182,226,321,484,303,-8.90,-4.04,-2.08
6803,187,229,326,494,312,-8.00,-3.10,-1.96
6903,201,222,326,500,317,-7.45,-3.69,-2.71
7003,215,219,326,497,316,-9.06,-4.67,-2.16
7103,221,215,321,496,317,-8.04,-4.90,-1.73
7203,220,214,319,495,318,-8.12,-3.18,-3.14
7303,216,212,317,494,312,-8.59,-2.47,-3.69
7403,217,213,314,495,315,-8.87,-2.86,-3.10
7503,220,211,315,490,314,-7.88,-2.82,-3.37
7603,210,213,307,473,300,-8.87,-3.33,-2.12
7703,194,212,245,382,252,-8.79,-5.73,-1.41
7803,180,211,198,333,233,-8.39,-5.57,-2.00
7903,175,211,177,312,227,-7.49,-6.39,-1.22
8003,172,211,168,303,223,-7.02,-6.71,0.98
8103,171,210,166,305,226,-7.26,-7.02,3.02
8203,170,210,166,306,226,-6.71,-7.41,4.55
8303,170,211,169,312,228,-6.43,-6.94,4.90
8403,170,210,168,312,228,-6.28,-7.18,4.90
8503,170,210,168,312,229,-6.43,-6.94,4.59
8603,170,210,169,300,228,-6.55,-7.45,4.35
8704,172,211,216,357,239,-7.10,-7.57,3.73
8803,173,211,261,405,250,-7.10,-7.41,1.45
8903,176,212,288,436,255,-6.83,-6.35,-1.29
9004,186,185,303,466,268,-7.37,-5.92,-2.20
9103,206,214,310,478,282,-7.81,-5.06,-2.67
9203,213,212,315,487,300,-7.45,-4.24,-3.45
9403,229,212,328,500,330,-8.04,-4.39,-3.30
9503,231,212,329,504,340,-7.81,-4.20,-3.22
9603,228,212,329,506,346,-7.88,-3.80,-3.73
9703,228,211,315,509,351,-8.36,-3.80,-3.65
9803,227,211,328,506,358,-7.88,-3.92,-3.69
9903,226,212,326,508,366,-7.88,-4.04,-3.30
10003,225,207,326,509,376,-8.08,-4.00,-3.57
10103,223,212,329,509,384,-7.96,-3.92,-3.69
10203,220,212,327,510,386,-8.28,-4.35,-3.26
10303,224,216,326,510,385,-7.92,-3.84,-3.57
10403,224,211,326,501,370,-7.30,-4.16,-3.57
10503,211,213,278,442,302,-6.90,-5.65,-2.71
10603,192,210,206,346,252,-6.86,-7.02,-1.57
10703,184,211,184,316,240,-5.77,-7.49,-0.31
10803,178,213,169,302,225,-6.39,-7.77,0.63
10903,174,210,159,293,217,-6.63,-7.37,3.61
11003,170,209,152,282,209,-6.86,-7.14,4.28
11103,169,205,153,275,204,-7.26,-6.63,4.24
11203,170,202,152,274,203,-7.06,-6.75,3.26
11303,169,205,150,274,203,-7.49,-6.71,2.43
11403,171,206,152,274,203,-7.49,-6.79,2.98
11503,173,208,195,338,230,-7.18,-7.02,2.28
11603,178,217,255,410,269,-7.69,-6.98,3.18
11703,173,211,277,444,282,-6.63,-7.45,2.08
11803,174,216,290,464,290,-6.35,-7.49,0.75
11904,179,216,303,482,302,-6.55,-7.14,-0.31
12003,194,216,310,492,307,-6.67,-6.83,-1.41
12103,206,213,312,488,311,-6.67,-5.57,-2.86
12204,217,215,318,477,306,-6.98,-4.90,-3.84
12303,220,214,324,481,316,-7.53,-3.96,-3.92
12403,223,214,325,486,326,-7.41,-3.41,-3.73
12603,220,211,328,495,352,-8.04,-3.26,-3.84
12703,221,213,331,505,360,-8.59,-3.77,-3.45
12803,220,214,327,504,361,-7.85,-3.84,-3.45
12903,218,214,334,505,366,-8.08,-4.00,-3.49
13003,220,210,335,507,366,-7.96,-3.96,-3.30
13103,220,209,334,504,365,-8.04,-3.88,-3.57
13203,215,212,328,495,351,-8.00,-3.73,-3.53
13303,202,212,263,431,286,-7.69,-5.30,-2.59
13403,185,214,218,360,256,-7.41,-6.32,-1.88
13503,176,215,184,321,241,-7.18,-6.43,-0.75
13603,177,217,169,303,231,-7.37,-6.71,0.16
13703,173,213,158,288,220,-7.10,-7.37,1.88
13803,172,208,151,279,209,-7.34,-6.90,1.92
13903,170,208,151,276,206,-7.77,-6.75,2.00
14003,168,209,152,275,204,-8.24,-6.35,1.69
14103,170,206,150,274,204,-8.28,-6.32,1.65
14203,169,206,152,273,206,-7.77,-6.20,1.84
14303,171,206,158,294,219,-7.88,-6.47,1.88
14403,174,213,223,365,251,-8.08,-6.35,2.00
14503,175,217,269,420,270,-7.69,-6.47,1.49
14603,176,219,298,460,286,-7.37,-6.83,1.41
14703,176,222,310,474,297,-7.65,-7.37,0.71
14803,188,217,313,483,301,-7.02,-7.53,-0.55
14903,200,218,314,488,316,-7.02,-6.32,-2.39
15003,210,217,317,499,338,-7.65,-5.30,-3.22
15104,229,216,323,505,357,-8.98,-4.86,-3.10
15203,230,216,327,508,371,-8.00,-4.31,-3.80
15303,228,216,325,506,385,-8.32,-3.96,-3.41
15404,228,216,322,507,389,-8.12,-4.43,-3.33
15503,226,215,325,507,393,-8.00,-4.08,-3.53
15603,225,217,320,504,392,-7.88,-3.80,-3.45
15803,224,215,315,501,386,-8.24,-4.12,-3.57
15903,220,214,312,451,366,-7.37,-4.31,-3.10
16003,202,215,280,450,324,-6.35,-6.12,-1.26
16103,185,215,218,373,281,-6.79,-7.14,-0.35
16203,178,216,180,322,247,-7.57,-7.65,0.35
16303,174,213,160,294,223,-6.55,-7.41,0.63
16403,172,208,154,279,214,-6.24,-6.86,1.29
16503,171,206,152,275,206,-8.51,-6.59,1.84
16603,170,205,150,273,205,-8.43,-6.39,2.20
16703,170,205,151,273,205,-8.00,-6.35,2.63
16803,170,203,150,273,207,-7.69,-6.55,2.43
16903,169,206,151,273,207,-7.61,-6.28,2.31
17003,155,209,182,321,231,-7.88,-6.12,2.51
17103,174,219,253,399,264,-8.28,-6.32,2.39
17203,176,223,286,449,298,-7.53,-6.67,1.33
17303,174,224,298,470,315,-6.83,-7.06,0.35
17403,178,222,312,484,328,-6.32,-6.79,-0.12
17503,197,222,317,496,333,-6.20,-6.16,-2.24
17603,214,220,320,497,344,-7.14,-5.18,-3.10
17703,226,218,324,502,352,-7.49,-4.39,-3.33
17803,227,219,324,510,366,-8.16,-3.22,-4.28
17903,223,213,323,509,380,-8.51,-4.08,-3.69
18003,223,214,322,507,383,-8.12,-4.20,-3.73
18103,221,214,322,499,381,-7.65,-4.12,-3.80
18203,222,217,321,502,379,-7.88,-4.24,-3.69
18304,222,214,322,498,379,-7.96,-4.28,-3.53
18403,218,215,320,500,377,-7.88,-4.39,-3.57
18503,221,214,321,495,370,-7.73,-4.63,-3.45
18604,215,215,314,486,358,-7.53,-4.82,-3.26
18703,196,215,261,419,294,-7.61,-6.47,-2.00
18803,182,226,204,347,254,-6.59,-6.32,-1.69
19003,175,215,158,285,219,-7.61,-6.90,1.10
19103,172,212,154,279,213,-7.30,-6.63,0.75
19203,173,210,153,275,210,-8.12,-6.04,1.41
19303,172,208,153,274,210,-8.20,-5.96,1.10
19403,173,210,152,274,209,-7.96,-6.00,1.02
19503,172,209,154,275,212,-8.20,-5.92,1.10
19603,171,210,154,274,211,-8.59,-6.20,0.78
19703,173,209,153,275,211,-8.32,-6.12,1.18
19803,173,208,154,276,210,-8.24,-6.16,1.41
19903,173,210,153,276,213,-8.12,-6.16,1.06
20003,171,213,200,333,233,-8.51,-6.47,1.18
20103,175,225,265,416,272,-8.43,-6.63,1.77
20203,177,225,300,462,301,-7.53,-6.86,0.35
20303,178,226,319,481,317,-7.18,-6.55,-0.43
20403,197,219,327,491,326,-6.98,-6.83,-1.77
20503,209,218,322,496,332,-6.86,-5.14,-3.69
20603,218,216,327,495,336,-6.79,-4.31,-4.08
20703,225,220,328,499,348,-7.73,-4.59,-3.73
20803,224,220,322,502,357,-7.85,-4.39,-3.96
20903,218,217,323,499,366,-7.65,-4.47,-3.69
21003,220,218,322,501,366,-7.34,-4.71,-3.61
21103,221,219,319,496,372,-7.57,-4.90,-3.45
21203,220,216,316,498,370,-7.77,-4.75,-3.73
21303,219,214,317,498,375,-7.77,-4.82,-3.61
21403,219,215,314,497,378,-7.49,-4.71,-3.61
21504,218,216,312,495,378,-7.49,-4.67,-3.57
21603,218,216,314,494,377,-7.34,-4.82,-3.41
21703,218,216,310,493,376,-7.10,-4.79,-3.49
21804,216,217,306,484,363,-6.90,-3.69,-3.69
21903,196,216,256,410,289,-8.12,-6.28,-2.59
22003,178,218,202,345,254,-7.45,-6.39,-2.28
22203,174,217,160,294,227,-7.69,-6.94,-1.10
22303,174,213,155,286,220,-6.79,-6.63,0.86
22403,172,212,153,281,200,-6.98,-6.32,0.63
22503,172,210,151,280,217,-8.75,-6.24,1.65
22603,171,210,152,279,217,-7.73,-6.16,0.71
22703,158,210,152,280,217,-8.12,-5.96,0.55
22803,170,217,152,281,214,-8.04,-6.08,0.78
22903,171,211,155,285,220,-7.88,-6.32,1.10
23003,172,214,192,324,238,-8.04,-6.32,1.22
23103,177,220,282,404,259,-8.63,-6.90,1.37
23203,180,220,309,456,303,-7.61,-6.86,1.06
23303,182,220,315,479,335,-6.90,-7.22,0.78
23403,196,216,316,487,345,-6.16,-6.86,-1.18
23503,212,213,320,498,352,-6.59,-6.43,-2.71
23603,218,212,313,495,359,-6.94,-5.81,-3.33
23703,220,212,317,500,362,-7.10,-4.63,-3.88
23803,222,212,320,499,367,-7.77,-3.96,-4.39
23903,223,210,311,501,373,-8.32,-3.88,-3.84
24003,221,213,316,497,379,-7.81,-3.96,-3.61
24103,220,212,317,496,376,-7.41,-4.35,-3.69
24203,215,213,314,489,364,-7.73,-4.00,-3.61
24303,194,213,264,411,293,-6.63,-6.08,-3.18
24403,180,212,200,341,255,-6.71,-6.71,-1.92
24503,178,215,171,303,240,-6.67,-7.14,-1.33
24603,174,211,158,287,219,-7.41,-6.86,-0.04
24704,171,210,153,278,218,-7.57,-6.55,1.53
24803,169,212,152,275,210,-8.12,-6.28,2.16
24903,168,210,152,274,209,-8.59,-6.43,2.28
25004,167,210,153,273,210,-7.69,-6.28,1.61
25103,168,209,153,276,212,-7.85,-6.28,1.69
25203,170,212,160,294,233,-8.12,-6.55,2.04
25403,180,216,262,428,283,-7.69,-7.02,0.67
25503,183,219,309,480,338,-7.45,-6.79,-0.27
25603,200,220,324,490,355,-6.86,-7.02,-0.67
25703,214,221,321,490,339,-6.32,-5.92,-3.02
25803,226,217,324,499,352,-6.71,-4.98,-4.08
25903,227,216,327,501,370,-6.90,-3.73,-4.31
26003,227,216,323,506,377,-7.96,-3.02,-4.94
26103,223,214,322,502,383,-8.32,-3.10,-4.63
26203,222,215,322,497,386,-7.65,-3.65,-3.96
26303,221,215,318,500,386,-7.53,-3.53,-4.31
26403,221,215,316,502,386,-7.92,-3.49,-4.24
26503,221,218,316,494,382,-7.69,-3.65,-3.96
26603,219,215,313,493,373,-7.06,-3.37,-4.39
26703,198,216,269,432,311,-6.94,-4.28,-3.96
26803,178,213,191,332,243,-7.77,-5.06,-3.45
26903,175,214,167,295,223,-7.57,-6.04,-2.43
27003,175,213,152,283,222,-7.53,-6.35,-1.80
27103,173,212,154,279,215,-7.53,-5.96,-0.43
27203,170,199,152,276,212,-8.04,-5.84,-0.20
27303,170,211,149,275,213,-8.47,-6.00,0.04
27403,165,210,152,275,213,-8.04,-5.84,-0.12
27503,170,210,153,276,214,-8.24,-5.73,-0.24
27603,171,212,167,294,222,-8.20,-5.37,-0.20
27703,174,218,226,368,255,-8.24,-5.73,0.04
27803,181,226,270,440,332,-7.69,-5.77,-0.59
27904,185,224,290,480,362,-7.77,-6.08,-0.08
28003,189,222,310,494,366,-7.81,-6.79,0.24
28103,190,221,304,495,363,-7.85,-6.67,-1.10
28204,215,219,306,497,368,-5.73,-5.02,-3.69
28303,219,219,310,498,385,-7.18,-4.00,-4.71
28403,216,217,314,499,392,-7.69,-3.88,-4.28
28603,217,221,311,495,393,-7.65,-4.20,-3.65
28703,219,216,316,494,393,-7.69,-4.35,-4.00
28803,229,216,312,490,398,-7.41,-4.00,-4.24
28903,217,216,314,492,391,-7.41,-4.08,-4.04
29003,216,216,310,485,386,-7.77,-4.04,-3.80
29103,217,215,310,488,386,-7.49,-3.65,-4.24
29203,201,218,286,461,350,-6.94,-4.12,-3.88
29303,182,217,230,386,282,-8.55,-6.12,-2.39
29403,176,221,193,339,254,-7.61,-6.08,-1.80
29503,171,221,170,312,238,-8.16,-6.00,-1.37
29603,170,213,158,291,223,-7.88,-6.20,0.04
29703,166,210,155,281,214,-8.51,-5.69,-0.51
29803,163,209,153,278,212,-8.98,-5.45,-0.31
29903,163,208,152,274,213,-8.47,-5.30,-0.27
30003,164,208,151,277,212,-8.08,-5.26,-0.51
30103,164,209,154,279,215,-8.43,-5.18,-0.31
30203,168,213,185,321,232,-8.12,-5.14,-0.51
30303,175,229,271,416,270,-8.28,-5.57,0.04
30403,182,228,310,473,310,-7.30,-5.96,-1.37
30503,187,228,320,488,329,-7.73,-6.59,-1.49
30603,196,224,322,494,337,-7.02,-6.51,-2.31
30703,210,219,324,502,344,-6.55,-5.77,-3.18
30803,213,216,326,498,350,-6.63,-4.67,-4.55
30903,219,217,333,498,364,-7.77,-3.84,-5.06
31003,220,216,324,496,375,-7.77,-4.04,-4.67
31104,219,212,320,494,378,-7.18,-4.08,-4.00
31203,219,215,323,494,377,-7.22,-4.31,-4.47
31303,218,213,320,490,376,-7.26,-4.39,-4.12
31404,220,216,317,488,373,-7.61,-4.24,-3.84
31503,214,215,315,477,359,-7.22,-3.88,-3.84
31603,195,217,267,420,300,-7.96,-5.73,-3.26
31803,172,217,178,316,244,-7.10,-5.81,-2.98
31903,169,216,160,294,225,-7.49,-5.69,-2.51
32003,165,210,155,280,239,-8.59,-5.73,-1.45
32103,164,213,152,275,210,-8.67,-5.26,-1.26
32203,164,213,152,274,210,-8.51,-5.10,-1.18
32303,164,215,151,275,210,-8.32,-4.98,-0.75
32403,164,215,152,261,211,-8.24,-5.02,-0.67
32503,163,216,139,275,212,-8.36,-5.02,-0.78
32603,164,211,176,308,226,-8.59,-4.94,-1.33
32703,169,224,250,398,263,-8.24,-5.49,-0.55
32803,175,230,294,474,329,-7.73,-5.33,-0.82
32903,177,229,274,498,368,-7.53,-6.39,-1.22
33003,191,227,304,503,359,-7.41,-6.43,-1.02
33103,209,223,307,502,355,-7.41,-6.20,-2.08
33203,217,220,303,502,354,-7.02,-5.14,-4.04
33303,217,219,305,499,365,-6.83,-4.12,-4.63
33403,220,219,303,499,378,-7.69,-4.59,-3.96
33503,217,218,308,496,380,-7.34,-4.75,-4.28
33603,218,218,308,494,379,-6.98,-4.71,-4.24
33703,217,218,305,491,379,-7.34,-4.75,-4.20
33803,216,217,306,491,375,-7.14,-4.47,-4.16
33903,204,218,284,464,340,-5.65,-4.71,-3.61
34003,177,222,227,392,277,-6.94,-6.75,-2.71
34103,174,221,185,335,263,-7.85,-6.55,-1.73
34203,170,217,164,299,229,-7.77,-6.55,-1.49
34304,166,213,156,288,218,-7.77,-5.88,-0.86
34403,165,211,153,281,217,-7.69,-4.94,-1.02
34503,165,211,152,279,215,-9.14,-4.79,-1.14
34604,162,210,152,278,215,-8.87,-4.90,-0.94
34703,165,209,153,279,216,-8.28,-4.71,-0.82
34803,165,212,163,288,220,-8.87,-5.02,-0.59
35003,187,224,299,476,331,-8.51,-5.41,-0.12
35103,199,222,318,502,351,-7.88,-6.28,-1.18
35203,208,221,315,502,355,-6.51,-6.35,-1.92
35303,221,218,317,497,358,-6.63,-5.69,-2.35
35403,224,218,321,495,363,-6.08,-4.71,-3.92
35503,228,217,323,493,373,-6.28,-4.47,-4.20
35603,227,215,323,496,381,-7.26,-4.59,-3.80
35703,226,214,323,492,381,-7.26,-3.96,-4.12
35803,224,217,322,491,382,-7.96,-4.43,-3.57
35903,222,216,319,490,378,-7.30,-4.59,-3.77
36003,221,215,319,488,381,-7.69,-4.43,-3.73
36103,221,214,319,487,382,-7.61,-4.31,-3.80
36203,219,214,315,485,384,-7.69,-4.39,-3.77
36303,218,218,316,486,376,-7.65,-4.55,-3.73
36403,219,216,319,486,376,-7.49,-4.59,-3.80
36503,217,217,308,481,361,-6.59,-3.26,-4.04
36603,193,214,237,401,277,-8.32,-6.39,-2.79
36703,176,215,189,330,249,-6.98,-5.57,-2.79
36803,169,216,168,301,230,-6.32,-5.37,-2.75
36903,172,215,157,286,218,-7.96,-5.37,-2.12
37003,165,211,152,278,213,-7.69,-5.49,-1.49
37103,166,210,152,276,211,-7.77,-5.14,-1.33
37203,165,197,151,275,210,-9.06,-4.90,-0.20
37303,165,209,151,275,200,-9.14,-5.06,0.27
37403,165,209,152,275,211,-8.43,-4.90,-0.20
37504,153,209,152,276,209,-8.55,-4.98,0.04
37603,165,209,152,277,214,-8.47,-5.06,-0.08
37703,165,210,154,282,218,-8.63,-4.94,-0.20
37804,165,229,183,316,228,-8.43,-5.37,0.04
37903,169,222,249,388,255,-8.75,-5.22,0.39
38003,175,229,274,423,284,-8.39,-5.49,0.78
38203,182,222,311,486,344,-7.30,-6.67,0.04
38303,184,222,318,495,340,-6.47,-6.90,-0.75
38403,188,219,314,498,341,-6.47,-6.79,-2.35
38503,206,219,310,497,353,-5.57,-5.26,-4.12
38603,215,218,315,500,364,-6.59,-4.59,-4.47
38703,219,216,311,498,370,-7.92,-4.79,-4.20
38803,218,217,313,497,374,-7.73,-4.98,-4.00
38903,218,217,315,495,376,-7.18,-4.82,-3.84
39003,218,215,315,495,377,-7.06,-4.90,-3.88
39103,217,215,313,494,377,-7.10,-4.90,-3.73
39203,217,216,314,492,378,-7.26,-4.94,-3.96
39303,216,215,313,489,371,-7.34,-5.18,-3.57
39403,208,216,298,470,339,-6.20,-4.28,-3.45
39503,178,217,240,384,269,-7.96,-6.79,-2.35
39603,173,221,198,337,248,-6.86,-6.43,-2.31
39703,172,219,172,305,232,-7.30,-5.96,-2.12
39803,169,217,161,293,222,-8.12,-5.92,-1.14
39903,167,214,159,285,218,-8.00,-5.69,-0.94
40003,165,213,157,284,218,-8.16,-5.02,-0.59
40103,167,213,156,285,218,-9.81,-5.14,-0.63
40203,165,211,157,284,218,-8.90,-4.75,-0.43
40303,167,211,156,285,219,-8.39,-4.86,-0.47
40403,164,211,159,286,220,-8.71,-4.86,-0.24
40503,167,215,185,316,231,-8.98,-5.10,-0.43
40603,168,218,239,379,251,-8.63,-5.49,-0.55
40704,172,223,255,405,279,-8.28,-5.92,-0.12
40803,174,222,281,443,312,-8.08,-6.59,-0.67
40903,176,220,305,477,339,-7.61,-6.98,-1.37
41004,187,220,308,493,347,-7.77,-6.90,-1.53
41103,205,218,310,496,352,-6.94,-6.39,-2.24
41203,215,218,306,499,358,-6.32,-5.18,-3.77
41403,220,216,307,498,378,-7.57,-4.12,-4.35
41503,200,215,303,495,382,-7.85,-4.63,-3.49
41603,220,216,301,494,382,-7.41,-4.51,-3.84
41703,217,215,304,492,381,-7.18,-4.71,-4.00
41803,218,215,281,488,381,-7.34,-4.63,-4.04
41903,218,214,303,502,378,-7.53,-4.47,-3.92
42003,207,215,293,471,349,-5.92,-4.16,-3.69
42103,187,216,240,392,278,-7.45,-6.59,-2.24
42203,177,216,198,341,253,-6.75,-6.12,-1.84
42303,176,215,176,317,230,-6.83,-6.51,-1.02
42403,173,214,162,297,220,-7.81,-6.20,-0.71
42503,170,214,155,287,214,-7.96,-5.65,-0.08
42603,168,212,154,286,217,-8.71,-5.61,0.12
42703,167,212,156,289,217,-8.47,-5.49,0.75
42803,168,211,157,287,218,-8.28,-5.18,0.47
42903,168,201,157,288,216,-8.32,-5.49,0.55
43003,168,214,180,314,228,-8.67,-5.49,0.71
43103,170,223,239,385,256,-8.98,-5.45,1.37
43203,178,228,282,444,289,-7.85,-6.20,0.94
43303,182,229,309,479,324,-8.36,-5.96,0.67
43403,182,228,319,492,339,-7.92,-6.63,0.71
43503,188,224,326,497,339,-7.22,-6.59,-0.78
43603,200,220,328,497,342,-7.18,-5.77,-2.63
43703,214,219,325,497,348,-6.32,-4.63,-4.00
43803,218,215,321,501,359,-6.55,-3.80,-4.51
43904,220,217,319,498,370,-7.92,-4.28,-4.04
44003,219,215,321,496,371,-7.88,-3.69,-4.43
44103,222,216,316,493,370,-7.88,-4.24,-4.04
44204,221,210,312,494,370,-6.98,-4.55,-3.88
44303,221,214,310,495,370,-7.53,-4.47,-3.73
44403,218,214,309,489,363,-7.45,-4.55,-3.92
44603,173,216,204,354,253,-7.49,-5.77,-2.67
44703,170,214,169,308,230,-7.69,-5.30,-2.90
44803,167,212,157,289,215,-8.47,-6.00,-1.02
44903,166,210,155,286,214,-8.83,-6.32,-0.24
45003,165,210,154,285,214,-9.34,-5.88,0.55
45103,165,210,154,286,215,-8.43,-5.96,0.67
45203,156,210,155,288,217,-7.88,-5.61,0.86
45303,167,213,188,330,233,-8.71,-6.04,1.22
45403,171,223,271,423,272,-8.83,-6.59,1.61
45503,175,224,302,480,315,-7.37,-6.16,-0.27
45603,178,223,294,489,326,-6.39,-6.83,-0.59
45703,197,220,306,492,333,-6.24,-6.24,-2.35
45803,212,216,311,498,345,-6.20,-5.45,-3.49
45903,219,216,306,499,357,-5.92,-4.04,-4.55
46003,222,216,314,499,367,-6.75,-3.49,-4.98
46103,223,214,314,498,372,-7.96,-3.06,-4.98
46203,222,212,314,498,377,-8.24,-4.20,-4.20
46303,220,215,313,493,372,-6.83,-3.80,-4.20
46403,210,216,297,476,343,-5.96,-3.18,-4.59
46503,186,214,240,391,268,-8.32,-6.00,-3.49
46603,170,216,192,333,239,-7.02,-7.34,-2.98
46703,167,212,165,303,225,-6.35,-7.34,-1.14
46803,166,212,157,290,217,-6.04,-7.65,1.02
46903,164,210,154,285,216,-4.90,-7.26,1.06
47003,164,209,154,284,215,-4.20,-7.45,1.29
47104,162,209,154,285,215,-4.71,-8.71,1.22
47203,163,212,154,284,217,-4.71,-10.67,2.35
47303,162,209,156,286,215,-4.59,-10.87,3.33
47404,162,210,162,297,221,-3.41,-9.92,3.45
47503,162,211,183,317,230,-3.49,-9.41,3.37
47603,167,215,223,359,252,-3.61,-10.20,3.49
47803,170,217,305,464,333,-4.59,-9.18,1.53
47903,182,218,317,479,343,-5.49,-9.06,0.55
48003,201,218,321,486,352,-6.24,-8.51,-0.71
48103,212,216,320,483,355,-6.16,-7.57,-1.57
48203,221,212,319,495,366,-6.04,-6.39,-2.86
48303,225,211,325,498,371,-6.20,-6.24,-4.90
48403,230,212,318,498,374,-6.51,-5.65,-3.69
48503,230,209,318,489,375,-6.83,-4.86,-3.37
48603,230,208,317,496,374,-6.98,-4.86,-3.77
48703,228,209,314,493,373,-6.63,-5.88,-4.12
48803,225,209,311,489,366,-6.39,-6.28,-3.73
48903,210,209,293,456,338,-5.22,-6.55,-3.45
49003,178,211,242,392,286,-6.04,-7.34,-2.16
49103,178,211,208,352,255,-6.51,-7.61,-1.02
49203,171,209,176,317,232,-6.59,-8.16,0.08
49303,156,209,162,296,222,-5.69,-8.39,0.43
49403,166,181,154,284,212,-4.90,-8.16,0.78
49503,166,206,152,280,208,-4.55,-9.22,1.61
49603,166,206,153,278,211,-4.79,-9.92,2.94
49703,165,205,152,278,209,-4.35,-9.81,3.80
49803,164,204,152,278,207,-4.35,-9.41,3.61
49903,163,205,152,277,205,-4.04,-9.26,3.77
50003,164,205,152,278,208,-3.92,-9.57,4.04
50103,164,206,153,279,208,-4.12,-9.41,4.59
50203,163,206,171,303,219,-3.53,-9.57,4.04
50304,164,214,230,373,244,-4.20,-10.16,4.08
50403,170,216,282,433,276,-4.71,-9.92,2.51
50503,175,213,310,479,313,-4.63,-8.90,0.94
50604,200,216,315,499,338,-5.10,-8.75,0.00
50703,212,215,318,507,353,-4.47,-8.24,-1.33
50803,223,216,318,499,362,-4.43,-7.18,-3.22
51003,225,212,319,501,365,-5.30,-7.77,-3.06
51103,224,211,319,499,366,-5.06,-8.16,-3.30
51203,223,211,318,497,363,-4.55,-7.77,-3.37
51303,219,210,325,495,363,-4.82,-7.77,-3.26
51403,208,212,309,477,337,-4.43,-7.65,-2.16
51503,182,212,234,391,269,-5.10,-9.41,-0.82
51603,170,210,187,328,240,-3.45,-9.45,0.94
51703,167,208,164,300,217,-3.57,-9.34,1.73
51803,166,205,156,283,206,-4.20,-9.30,2.43
51903,163,208,153,279,203,-5.14,-9.73,3.33
52003,162,207,152,277,202,-5.26,-10.04,3.96
52103,163,208,152,278,202,-4.35,-9.02,3.57
52203,164,207,152,280,203,-4.51,-8.87,3.61
52303,165,208,167,307,221,-4.47,-9.38,3.37
52403,169,212,233,379,249,-4.47,-9.61,3.26
52503,172,212,289,449,287,-4.94,-10.12,2.82
52603,183,214,310,477,317,-5.37,-9.69,1.22
52703,194,215,315,495,338,-4.59,-9.14,0.08
52803,210,215,311,501,353,-4.39,-8.39,-1.29
52903,218,213,310,504,351,-4.86,-7.88,-2.55
53003,223,213,311,504,369,-4.71,-7.06,-3.77
53103,223,213,309,502,379,-4.86,-6.83,-4.16
53203,223,213,309,501,380,-5.53,-7.34,-3.92
53303,222,215,305,498,379,-4.94,-7.37,-3.77
53403,222,212,305,497,377,-5.49,-7.49,-3.77
53504,221,212,283,495,375,-5.61,-7.37,-3.57
53603,207,213,302,493,372,-5.37,-7.26,-3.61
53703,208,212,293,474,347,-4.31,-7.10,-2.90
53804,186,211,243,410,285,-5.14,-8.67,-0.75
53903,172,212,197,336,253,-5.30,-9.45,0.90
54003,168,208,167,307,238,-4.35,-9.02,1.69
54203,163,209,152,278,209,-4.75,-9.30,3.14
54303,163,205,151,276,206,-4.24,-9.26,3.49
54403,162,205,152,275,206,-4.31,-9.34,4.63
54503,164,204,150,276,206,-3.84,-9.41,4.63
54603,160,204,151,275,206,-3.84,-9.14,4.67
54703,161,204,151,276,206,-4.39,-8.87,4.43
54803,162,204,152,277,208,-3.65,-8.83,4.55
54903,162,204,153,275,207,-4.00,-8.94,4.51
55003,164,205,152,277,208,-4.00,-9.02,4.67
55103,162,207,152,277,206,-3.92,-9.06,4.82
55203,162,205,151,277,209,-3.80,-8.98,4.59
55303,162,206,152,277,207,-3.80,-8.94,4.67
55403,162,204,152,278,209,-3.92,-8.98,4.59
55503,162,204,152,278,210,-3.88,-8.90,4.75
55603,162,205,151,279,209,-3.69,-8.94,4.90
55703,162,204,153,277,211,-3.69,-8.98,4.75
55803,162,205,154,279,211,-3.77,-8.94,4.67
55903,163,205,153,280,211,-3.65,-9.06,4.71
56003,162,203,153,279,211,-3.77,-8.98,4.90
56103,162,206,154,278,212,-3.77,-8.98,4.75
56203,167,212,221,347,221,-4.39,-10.20,5.22
56303,179,215,312,477,283,-4.55,-10.08,4.12
56403,198,218,334,511,325,-4.39,-9.14,1.18
56503,212,219,334,510,352,-4.79,-7.88,-0.39
56603,222,216,336,515,358,-4.86,-7.73,-2.20
56704,227,213,331,509,368,-4.98,-6.67,-3.61
56803,229,212,332,506,377,-5.53,-6.43,-4.35
56903,230,211,329,503,380,-5.06,-6.51,-4.67
57004,228,213,325,499,380,-4.94,-6.98,-4.35
57103,225,210,326,498,379,-4.94,-6.79,-4.35
57203,227,209,323,497,378,-5.30,-7.02,-4.16
57403,198,211,283,454,321,-4.24,-7.34,-2.47
57503,178,212,229,385,267,-4.94,-9.26,-0.75
57603,166,210,181,328,236,-5.26,-9.57,0.94
57703,166,207,160,296,220,-5.06,-9.41,2.04
57803,164,205,154,284,210,-4.79,-8.98,2.55
57903,163,205,153,282,212,-4.55,-9.38,4.16
58003,163,205,153,282,213,-4.55,-9.45,4.82
58103,163,196,153,283,213,-4.24,-8.83,4.98
58203,163,205,154,286,214,-4.20,-8.51,4.71
58303,158,206,178,322,228,-4.24,-8.98,5.18
58403,168,207,238,392,254,-4.28,-9.22,4.39
58503,171,210,277,443,293,-4.55,-9.18,3.80
58603,178,211,290,476,329,-4.59,-8.90,1.88
58703,189,212,289,489,342,-4.82,-9.02,0.94
58803,199,212,301,494,351,-4.28,-8.83,-0.35
58903,208,213,301,495,357,-4.75,-8.24,-1.33
59003,214,211,299,503,366,-4.98,-7.77,-2.55
59103,217,213,300,503,378,-4.94,-7.02,-3.84
59203,219,212,303,504,385,-5.10,-6.59,-3.96
59303,218,207,307,500,383,-5.57,-7.45,-3.53
59403,219,211,304,498,385,-5.30,-7.37,-3.73
59503,214,210,303,497,380,-5.30,-7.45,-3.69
59603,212,206,304,490,368,-4.00,-7.53,-3.02
59703,189,211,279,456,334,-3.53,-8.59,-1.96
59803,176,212,231,396,280,-4.43,-8.87,-0.20
59904,169,207,182,334,255,-3.80,-9.49,1.33
60003,166,205,154,293,215,-3.73,-9.53,1.77
60103,166,205,147,278,206,-3.30,-9.34,2.55
60204,165,204,150,276,203,-4.31,-10.00,4.59
60303,164,203,149,275,203,-4.55,-9.85,4.79
60403,163,206,147,273,203,-3.96,-8.98,4.79
60603,166,203,150,281,208,-4.39,-9.06,4.86
60703,165,204,197,333,228,-4.35,-9.45,5.06
60803,179,208,267,407,263,-5.06,-9.89,4.00
60903,177,213,293,468,318,-4.94,-9.18,2.79
61003,191,213,312,487,337,-4.51,-8.90,1.22
61103,201,214,313,491,347,-4.28,-8.75,-0.20
61203,208,216,313,496,358,-4.24,-8.47,-1.41
61303,214,215,314,504,369,-4.71,-7.85,-2.55
61403,217,213,314,508,376,-5.02,-7.45,-3.18
61503,219,214,314,505,376,-5.30,-7.92,-3.30
61603,220,214,320,504,376,-5.41,-7.77,-3.49
61703,220,214,310,501,377,-4.94,-7.81,-3.30
61803,219,214,318,500,376,-4.98,-7.88,-3.18
61903,215,213,320,494,367,-4.43,-7.92,-2.51
62003,198,216,271,438,313,-4.12,-9.22,-0.86
62103,179,212,224,379,264,-4.31,-9.57,0.47
62203,172,205,186,335,239,-4.59,-9.26,1.96
62303,167,208,163,306,243,-4.75,-9.34,2.35
62403,164,207,155,289,214,-4.16,-9.06,3.14
62503,165,206,153,283,210,-3.65,-9.10,4.00
62603,163,203,155,281,212,-3.96,-9.45,4.39
62703,163,205,152,281,211,-3.92,-9.30,4.98
62803,162,206,152,278,211,-3.80,-8.39,4.90
62903,163,205,152,279,209,-3.80,-8.75,5.18
63003,162,205,152,282,213,-3.80,-8.94,5.37
63104,163,204,151,283,211,-3.73,-8.67,5.22
63203,162,204,152,282,212,-3.88,-8.51,5.18
63303,162,200,153,283,212,-4.04,-8.67,5.33
63404,163,204,153,282,210,-4.20,-8.51,5.02
63503,164,206,154,290,217,-4.35,-9.02,4.98
63603,168,209,236,397,265,-4.98,-9.65,4.71
63803,173,214,306,491,348,-5.18,-9.26,2.24
63903,192,213,315,500,359,-4.86,-9.02,0.71
64003,204,213,318,504,363,-4.51,-8.55,-0.82
64103,214,215,316,508,368,-4.79,-7.92,-1.80
64203,219,215,312,508,377,-4.71,-7.45,-3.02
64303,222,216,313,506,381,-5.45,-7.45,-3.06
64403,220,215,309,502,370,-5.06,-7.65,-3.22
64503,197,215,294,485,360,-3.84,-7.81,-1.88
64603,190,214,258,429,308,-4.86,-9.53,0.51
64703,177,214,211,370,266,-5.18,-9.30,1.33
64803,169,194,171,312,239,-4.47,-9.18,1.57
64903,164,207,157,287,219,-4.71,-8.94,1.57
65003,163,205,152,278,209,-4.79,-9.06,2.63
65103,162,204,152,275,206,-4.79,-8.90,3.30
65203,162,203,150,274,205,-4.98,-8.83,3.77
65303,161,203,150,273,204,-5.33,-9.30,4.20
65403,160,202,149,270,203,-4.39,-8.98,4.75
65503,160,201,150,257,202,-4.67,-8.71,4.51
65603,160,205,149,271,198,-4.71,-8.59,4.16
65703,160,202,149,271,201,-4.67,-8.79,4.04
65803,161,202,149,271,199,-4.59,-8.67,4.31
65903,160,195,149,271,198,-4.75,-8.75,4.20
66003,160,202,150,271,198,-4.67,-8.67,4.00
66103,161,202,149,270,197,-4.51,-8.63,4.28
66203,160,202,150,270,196,-4.86,-8.71,3.88
66304,159,199,150,270,194,-4.82,-8.67,4.12
66403,160,201,150,268,195,-4.79,-8.55,3.92
66503,160,202,150,270,195,-4.98,-8.94,4.08
66604,165,205,176,313,216,-4.90,-9.22,3.77
66703,170,215,240,405,263,-4.98,-9.53,3.41
66803,172,219,290,475,301,-4.67,-9.10,2.71
67003,192,218,306,508,345,-4.47,-8.83,0.35
67103,208,216,312,509,354,-4.39,-8.43,-0.82
67203,217,214,317,515,365,-5.49,-8.00,-1.84
67303,222,214,320,512,369,-5.30,-7.73,-2.86
67403,225,214,318,505,370,-5.30,-7.22,-3.69
67503,226,206,315,504,376,-5.45,-7.49,-3.65
67603,224,213,316,502,377,-5.57,-7.02,-3.69
67703,218,213,313,498,367,-4.86,-6.90,-3.61
67803,196,212,272,449,316,-3.77,-8.47,-1.88
67903,175,212,230,381,261,-4.86,-9.10,0.04
68003,167,214,176,324,232,-4.82,-9.41,1.22
68103,163,205,160,295,217,-5.30,-8.87,2.08
68203,160,202,154,282,209,-4.79,-8.63,2.94
68303,160,201,151,278,207,-4.82,-8.63,3.45
68403,159,201,147,277,206,-5.14,-9.02,5.10
68503,159,201,153,277,206,-5.10,-9.18,5.10
68603,159,202,153,278,206,-4.90,-8.47,4.82
68703,163,202,177,309,219,-5.10,-8.59,4.43
68803,165,206,230,362,236,-5.45,-8.47,4.31
68903,171,218,261,403,255,-6.24,-8.51,2.67
69003,175,220,300,453,277,-5.92,-7.85,1.49
69103,181,219,326,475,297,-6.04,-8.47,1.26
69203,197,219,330,489,313,-6.24,-7.34,-0.35
69303,209,218,332,494,321,-7.06,-6.79,-1.33
69403,217,218,333,503,335,-7.45,-6.59,-1.57
69504,221,218,328,509,348,-7.06,-5.81,-2.51
69603,224,216,331,508,362,-7.14,-5.10,-3.26
69703,225,215,331,506,365,-8.04,-5.37,-3.06
69804,226,215,320,502,364,-7.77,-5.57,-3.06
69903,211,214,311,483,341,-6.47,-5.18,-3.41
70003,188,214,260,418,282,-7.77,-6.94,-1.18
70203,167,209,182,326,232,-6.90,-7.53,0.55
70303,162,205,167,304,223,-6.59,-7.49,1.33
70403,162,206,162,294,219,-5.92,-7.41,1.96
70503,162,203,159,293,219,-5.53,-8.04,3.69
70603,162,204,159,291,218,-4.98,-8.43,4.16
70703,161,204,160,292,218,-5.30,-8.79,5.10
70803,162,203,162,297,221,-6.04,-8.79,5.06
70903,165,205,209,344,240,-5.88,-8.28,4.82
71003,168,213,251,400,259,-5.88,-8.24,2.63
71103,173,217,272,432,280,-6.55,-7.45,1.33
71203,181,216,299,471,303,-7.18,-6.67,-0.35
71303,191,216,314,491,325,-7.53,-5.81,-1.18
71403,203,216,313,500,341,-7.69,-5.06,-1.73
71503,217,216,312,476,353,-8.24,-4.16,-2.55
71603,222,214,310,485,363,-8.04,-3.41,-2.67
71703,213,214,307,505,372,-8.32,-4.24,-2.59
71803,224,214,307,468,370,-7.77,-3.22,-3.45
71903,222,213,305,499,364,-8.63,-4.39,-2.67
72003,208,212,296,478,338,-8.51,-4.00,-2.59
72103,184,212,216,393,266,-8.12,-6.32,-1.80
72203,164,211,189,314,236,-7.34,-6.83,-0.43
72303,167,209,163,300,219,-7.22,-7.06,0.59
72403,164,204,155,284,211,-6.35,-7.37,1.92
72503,162,203,151,278,208,-6.35,-7.85,2.00
72603,162,203,149,276,207,-5.30,-8.55,3.14
72704,161,203,151,276,207,-4.86,-8.83,3.84
72803,160,203,152,276,207,-5.22,-9.34,4.12
72903,160,203,151,277,207,-5.02,-8.94,3.73
73004,161,204,172,305,221,-5.22,-9.06,3.53
73103,166,210,229,374,250,-6.32,-8.98,2.59
73203,170,216,268,422,276,-7.06,-7.88,1.61
73403,182,215,303,479,324,-8.12,-5.53,-0.63
73503,195,214,310,494,337,-8.63,-5.10,-1.49
73603,210,214,309,504,357,-9.53,-4.24,-1.69
73703,214,217,314,511,367,-8.75,-3.96,-2.31
73803,218,214,319,507,377,-8.55,-4.16,-2.67
73903,221,216,311,503,382,-7.92,-3.69,-3.14
74003,217,211,309,496,368,-8.12,-4.63,-2.63
74103,199,214,281,449,321,-6.94,-4.90,-2.59
74203,178,214,224,380,264,-7.69,-6.35,-1.33
74303,163,212,181,324,237,-7.49,-6.98,-0.71
74403,165,209,160,295,221,-7.85,-6.94,0.63
74503,151,204,153,280,212,-7.22,-7.02,1.10
74603,161,204,153,277,206,-7.49,-6.67,0.98
74703,161,203,152,274,207,-7.85,-6.35,0.78
74803,160,202,151,274,205,-8.90,-6.28,0.35
74903,160,200,152,273,204,-8.43,-6.04,0.43
75003,160,203,152,273,206,-8.00,-6.12,0.86
75103,162,203,169,298,217,-8.36,-6.35,0.63
75203,169,213,241,376,245,-7.73,-6.35,-0.20
75303,172,221,284,448,282,-8.28,-5.53,-0.31
75403,180,220,314,485,318,-8.16,-5.06,-1.26
75503,202,218,329,503,341,-8.32,-4.75,-1.80
75603,209,220,328,512,354,-7.49,-3.77,-2.67
75703,211,220,323,508,366,-8.67,-3.80,-3.18
75803,211,220,327,505,372,-8.83,-4.39,-3.10
75904,209,221,323,497,377,-7.85,-3.92,-3.49
76003,209,217,321,505,376,-7.85,-3.96,-3.37
76103,204,219,319,497,367,-7.69,-3.37,-3.80
76204,191,215,299,469,340,-8.28,-4.12,-2.59
76303,175,215,236,392,275,-8.08,-5.22,-2.31
76403,168,214,190,336,245,-7.92,-5.65,-2.08
76603,164,207,156,281,213,-8.00,-5.26,-0.82
76703,161,203,155,276,209,-7.69,-5.26,-0.63
76803,160,205,153,275,207,-9.45,-5.53,0.51
76903,160,201,153,271,207,-9.18,-5.37,0.51
77003,159,202,153,274,207,-8.47,-5.02,0.20
77103,160,202,150,273,207,-8.39,-4.98,0.24
77203,160,202,154,276,209,-8.51,-4.98,0.04
77303,159,202,153,274,208,-8.67,-5.26,0.24
77403,160,201,153,275,209,-9.14,-5.37,0.59
77503,167,213,197,333,230,-8.90,-5.65,-0.08
77603,171,219,259,410,256,-7.57,-5.45,-1.73
77703,179,220,295,470,293,-7.88,-4.90,-1.77
77803,203,219,308,493,317,-7.45,-5.14,-2.20
77903,210,219,308,501,334,-7.65,-4.90,-2.71
78003,220,220,311,506,346,-7.57,-5.02,-3.49
78103,226,221,310,505,351,-7.30,-3.96,-3.88
78203,231,218,307,502,370,-8.00,-3.73,-3.73
78303,233,217,313,500,378,-8.20,-3.61,-3.65
78403,230,218,312,497,377,-8.04,-3.73,-3.96
78503,229,217,310,460,376,-7.77,-3.96,-3.88
78603,225,216,305,493,370,-7.30,-3.69,-3.65
78703,199,216,273,403,311,-6.83,-5.37,-2.71
78803,176,215,210,334,255,-8.12,-6.00,-2.20
78903,169,212,170,313,231,-8.28,-5.57,-1.37
79003,165,206,157,289,219,-8.00,-5.30,-1.14
79104,163,204,153,280,214,-7.77,-4.63,-1.10
79203,163,203,136,277,214,-9.18,-4.71,-0.98
79303,163,201,152,279,213,-9.02,-4.86,-0.82
79404,162,202,152,278,214,-8.98,-4.90,-0.78
79503,164,206,172,297,223,-9.14,-4.98,-0.63
79603,177,223,252,368,240,-9.02,-4.86,-0.35
79803,199,223,307,447,269,-8.00,-4.31,-3.02
79903,207,225,311,471,294,-7.69,-4.35,-3.18
80003,220,222,314,480,309,-7.26,-4.43,-3.41
80103,230,221,310,488,322,-7.61,-5.10,-2.75
80203,235,216,315,496,339,-8.24,-4.55,-2.98
80303,235,218,314,500,360,-7.96,-4.20,-2.94
80403,237,217,317,498,371,-8.55,-4.00,-2.94
80503,236,217,316,496,377,-7.81,-3.84,-3.14
80603,236,218,316,496,378,-7.53,-3.88,-3.37
80703,234,217,314,495,376,-7.96,-3.96,-3.14
80803,229,217,322,491,371,-7.92,-3.69,-3.41
80903,210,216,286,438,318,-8.00,-4.94,-2.75
81003,189,215,226,364,266,-8.24,-5.77,-2.20
81103,174,214,182,320,236,-7.85,-5.57,-1.57
81203,174,213,147,296,224,-8.20,-4.98,-1.73
81303,170,209,156,285,218,-7.92,-4.86,-1.33
81403,170,207,154,280,217,-8.63,-4.67,-0.94
81503,170,205,152,278,215,-8.16,-4.59,-1.26
81603,168,202,151,278,216,-8.59,-4.43,-1.33
81703,170,206,155,278,216,-8.90,-4.55,-1.41
81803,176,212,182,313,230,-8.39,-4.71,-0.98
81903,178,219,246,374,242,-9.02,-4.94,-1.92
82003,174,217,279,408,248,-7.85,-4.94,-2.43
82103,183,217,306,453,275,-7.73,-4.67,-3.10
82203,185,220,320,474,304,-7.22,-4.55,-3.92
82304,209,219,331,495,329,-7.06,-3.73,-4.35
82403,220,220,327,497,340,-7.73,-3.30,-4.20
82503,230,221,327,500,351,-7.88,-3.26,-4.59
82604,232,221,324,498,356,-7.77,-2.75,-4.67
82703,231,214,324,497,362,-7.92,-3.02,-4.20
82803,230,220,322,496,363,-7.88,-3.10,-3.84
83003,207,217,296,459,320,-7.88,-3.77,-3.41
83103,188,217,244,385,261,-9.02,-5.41,-2.47
83203,174,215,194,335,252,-7.92,-5.10,-2.35
83303,170,211,168,303,224,-7.81,-4.90,-2.08
83403,167,208,158,287,219,-8.87,-5.06,-1.37
83503,165,205,154,280,215,-8.24,-4.24,-1.88
83603,164,204,154,278,215,-9.10,-4.31,-1.26
83703,164,204,153,278,214,-8.59,-4.16,-1.26
83803,162,205,158,284,217,-9.06,-4.24,-1.10
83903,170,216,215,348,236,-9.49,-4.71,-1.02
84003,174,223,269,415,265,-8.24,-5.10,-1.92
84103,184,221,297,460,312,-7.61,-5.30,-2.35
84203,199,219,309,489,332,-7.14,-4.75,-3.14
84303,215,219,311,494,343,-6.71,-4.20,-3.73
84403,211,219,309,500,348,-7.92,-3.84,-3.88
84503,228,217,308,501,371,-8.04,-2.94,-4.59
84603,228,219,305,497,376,-8.08,-3.61,-3.77
84703,229,218,305,481,379,-7.85,-3.37,-3.53
84803,228,219,304,493,380,-7.61,-3.77,-3.88
84903,227,218,304,491,379,-7.61,-3.30,-3.80
85003,209,216,285,457,339,-6.51,-3.77,-3.53
85103,185,215,222,354,267,-8.59,-5.61,-2.63
85203,172,215,182,325,288,-8.16,-5.22,-2.31
85303,172,213,149,303,229,-8.00,-5.18,-2.24
85403,169,209,158,289,221,-7.53,-5.06,-1.84
85504,166,207,154,281,216,-7.69,-4.82,-1.69
85603,159,203,152,276,212,-8.39,-4.55,-1.26
85703,162,202,151,275,210,-9.02,-4.08,-1.53
85804,162,202,151,274,204,-8.94,-3.84,-1.14
85903,160,202,152,274,200,-9.26,-4.39,-1.22
86003,161,202,152,275,210,-9.30,-4.39,-0.51
86203,167,215,218,344,236,-9.10,-4.94,-0.90
86303,171,224,252,385,252,-9.10,-5.22,-1.37
86403,175,228,283,428,278,-8.32,-5.57,-1.57
86503,186,227,311,469,308,-7.88,-5.45,-2.08
86603,206,226,316,481,325,-8.55,-5.77,-2.67
86703,223,223,316,494,333,-7.37,-5.22,-3.53
86803,229,219,319,502,352,-7.49,-3.65,-4.04
86903,229,216,319,500,364,-7.73,-3.10,-4.47
87003,233,214,314,498,371,-8.94,-3.14,-3.80
87103,233,215,319,495,372,-7.85,-3.14,-4.04
87203,232,215,323,493,372,-7.81,-3.06,-4.16
87303,222,215,312,483,355,-7.34,-2.12,-4.12
87403,195,216,255,410,288,-8.16,-4.71,-3.30
87503,182,216,202,350,286,-7.73,-4.31,-3.33
87603,174,216,174,315,242,-8.63,-4.28,-3.06
87703,170,214,161,298,229,-8.75,-4.55,-2.20
87803,168,211,155,286,220,-8.12,-4.20,-1.88
87903,166,208,153,277,216,-8.00,-4.24,-2.39
88003,165,207,152,277,215,-9.14,-3.92,-1.84
88103,165,206,152,276,215,-9.22,-3.77,-1.69
88203,165,205,152,276,214,-9.02,-3.73,-1.92
88303,165,206,153,276,214,-8.87,-3.61,-1.61
88403,167,207,172,298,218,-8.67,-3.65,-1.49
88503,177,219,221,357,236,-8.71,-4.24,-1.22
88603,179,228,258,395,253,-8.20,-3.96,-2.47
88704,177,229,284,430,272,-7.96,-3.92,-2.86
88803,179,226,307,461,297,-7.69,-4.47,-3.18
88903,184,225,317,477,311,-7.49,-4.04,-3.10
89004,196,224,321,488,326,-8.04,-4.00,-3.65
89103,210,224,325,492,336,-8.39,-3.57,-3.73
89203,219,223,323,498,346,-7.69,-2.94,-4.35
89403,230,223,324,501,367,-7.92,-2.94,-4.24
89503,229,221,323,497,367,-7.88,-2.86,-4.08
89603,227,220,325,495,371,-7.81,-3.10,-4.16
89703,214,220,304,474,344,-5.96,-2.35,-4.20
89803,191,218,239,390,267,-7.77,-4.82,-3.06
89903,174,216,204,345,244,-8.51,-4.67,-2.16
90003,170,213,177,319,259,-7.53,-4.31,-2.24
90103,168,210,169,309,233,-8.47,-4.55,-1.45
90203,168,209,167,307,235,-9.53,-4.20,-0.75
90303,169,209,167,308,234,-9.41,-3.65,-1.33
90403,168,209,169,307,236,-8.79,-3.45,-1.77
90503,168,208,169,308,236,-8.71,-3.10,-2.12
90603,169,209,170,309,237,-9.61,-3.33,-1.18
90703,170,209,171,310,239,-8.94,-3.10,-1.53
90803,171,208,171,310,238,-9.22,-2.86,-1.53
90903,171,209,171,312,238,-8.83,-2.82,-1.77
91003,171,209,171,312,238,-9.34,-3.06,-1.77
91103,171,209,171,312,239,-9.30,-2.47,-1.73
91203,171,209,172,314,239,-8.83,-2.28,-1.57
91303,171,208,156,314,239,-8.90,-2.51,-1.80
91403,162,209,173,314,240,-9.10,-2.55,-2.04
91503,158,208,174,314,239,-9.41,-2.59,-2.24
91603,175,208,173,310,239,-9.18,-2.98,-1.88
91703,174,209,173,316,239,-9.18,-2.71,-2.28
91803,173,209,173,315,240,-9.22,-2.31,-2.24
91904,180,208,174,316,239,-8.79,-2.82,-1.96
92003,175,208,174,318,240,-9.14,-2.20,-2.31
92103,184,211,173,317,240,-9.14,-2.59,-2.35
92204,186,210,174,317,244,-8.98,-2.08,-2.59
92303,174,205,175,318,239,-8.83,-1.84,-2.75
92403,174,208,174,314,241,-8.98,-2.55,-2.31
92603,175,202,175,318,241,-8.67,-2.16,-2.75
92703,174,208,175,318,238,-8.67,-2.16,-2.67
92803,171,208,174,318,240,-8.47,-2.00,-2.71
92903,172,208,175,318,240,-8.59,-2.82,-2.59
93003,170,209,177,318,241,-8.71,-2.86,-2.31
93103,168,207,174,318,240,-9.30,-2.31,-2.98
93203,165,205,174,318,240,-8.04,-2.67,-2.98
93303,165,207,176,318,240,-8.43,-2.39,-2.79
93403,165,208,176,318,235,-8.59,-2.71,-2.79
93503,165,207,176,318,239,-8.83,-2.47,-3.10
93603,165,207,175,318,240,-8.55,-2.31,-3.37
93703,165,208,176,318,241,-9.18,-2.20,-2.75
93803,168,208,176,319,241,-8.55,-2.20,-3.22
93903,168,208,174,319,241,-8.79,-2.51,-3.41
94003,166,207,176,319,242,-8.59,-2.00,-3.92
94103,172,207,176,319,242,-8.28,-2.08,-3.57
94203,186,209,176,320,242,-8.71,-2.12,-3.88
94303,188,208,176,320,243,-8.59,-1.96,-3.65
94403,207,207,177,321,241,-8.75,-2.04,-3.65
94503,199,208,177,320,245,-8.28,-1.88,-3.77
94603,172,206,176,321,243,-8.51,-2.00,-3.73
94703,171,210,177,318,241,-8.36,-2.63,-3.57
94803,172,208,179,321,242,-8.32,-2.51,-3.45
94903,172,207,177,320,243,-8.87,-2.94,-3.26
95003,171,208,176,320,242,-8.24,-2.47,-3.57
95104,169,207,176,320,243,-8.71,-2.43,-3.69
95203,167,207,177,320,243,-8.67,-2.67,-2.86
95303,168,208,175,320,242,-8.47,-2.71,-3.41
95404,165,208,176,319,242,-8.51,-2.43,-3.53
95503,169,208,176,319,242,-8.08,-2.39,-3.80
95603,170,207,177,319,241,-8.83,-2.24,-3.88
95803,168,204,175,319,241,-8.51,-2.28,-3.49
95903,167,210,173,319,242,-8.55,-1.96,-4.04
96003,168,209,178,319,241,-8.20,-1.57,-4.08
96103,168,207,176,318,241,-8.43,-1.61,-3.26
96203,170,207,177,319,242,-8.16,-2.20,-4.12
96303,175,205,176,319,242,-8.43,-2.39,-3.65
96403,176,208,176,319,242,-8.20,-1.84,-4.28
96503,184,208,177,319,244,-8.08,-1.88,-4.28
96603,181,208,177,319,242,-7.69,-1.84,-4.04
96703,174,207,177,319,242,-8.28,-1.88,-4.43
96803,172,208,176,320,243,-8.04,-2.35,-3.65
96903,171,197,177,320,242,-7.85,-2.47,-3.80
97003,172,207,176,320,243,-8.43,-2.24,-4.08
97103,172,207,177,305,243,-8.32,-2.00,-4.04
97203,172,208,177,320,242,-8.43,-1.88,-4.12
97303,172,208,176,319,244,-8.43,-2.55,-3.84
97403,172,208,176,320,242,-8.55,-2.35,-3.61
97503,174,190,177,320,242,-8.32,-2.47,-3.69
97603,178,209,193,324,243,-8.43,-2.79,-3.92
97703,178,211,229,351,243,-8.24,-2.51,-3.69
97803,181,212,252,375,244,-8.24,-3.14,-3.61
97903,184,214,269,402,249,-7.57,-2.94,-3.37
98003,186,216,283,425,256,-8.75,-3.61,-3.22
98103,189,217,295,446,265,-8.24,-3.49,-3.69
98203,194,219,306,465,277,-7.81,-3.73,-3.22
98304,198,218,309,474,288,-8.51,-4.28,-2.79
98403,201,219,309,475,297,-8.47,-4.43,-3.06
98503,204,216,311,484,311,-7.92,-4.86,-2.47
98604,210,222,314,486,320,-7.81,-5.14,-2.39
98703,222,221,314,496,328,-7.96,-4.63,-2.51
98803,230,221,319,506,340,-8.20,-4.00,-2.79
99003,236,220,317,512,368,-8.16,-3.73,-3.45
99103,234,219,320,507,371,-7.85,-3.26,-3.73
99203,229,216,322,507,374,-7.81,-3.02,-4.08
99303,229,220,316,500,365,-7.22,-3.06,-3.88
99403,206,216,288,457,314,-6.75,-4.51,-2.55
99503,186,217,241,383,259,-8.24,-4.98,-2.90
99603,174,216,193,332,238,-7.61,-4.94,-2.16
99703,173,213,168,301,221,-8.00,-4.86,-1.77
99803,173,215,157,284,213,-9.34,-4.16,-1.69
99903,172,205,153,276,207,-8.87,-3.96,-1.37
100003,173,204,153,274,207,-9.18,-3.88,-1.22
100103,174,203,154,273,206,-9.41,-3.77,-1.10
100203,174,203,153,273,207,-9.14,-3.18,-1.26
100303,176,204,155,274,207,-9.65,-3.41,-1.18
100403,175,210,199,330,223,-10.04,-4.12,-0.47
100503,177,225,256,398,239,-8.28,-4.16,-1.65
100603,179,222,292,444,263,-8.04,-4.08,-2.31
100703,185,219,314,474,293,-8.12,-4.12,-2.67
100803,194,224,325,488,315,-8.08,-3.65,-2.79
100903,202,225,325,496,326,-8.32,-4.00,-2.86
101003,205,227,328,503,339,-8.28,-3.69,-3.18
101103,218,227,323,506,353,-8.12,-3.45,-3.22
101203,224,223,322,504,361,-8.24,-3.14,-3.37
101303,224,219,324,501,377,-8.55,-2.86,-3.14
101403,225,217,322,499,382,-8.47,-3.53,-3.18
101504,223,218,318,499,384,-8.32,-3.61,-3.06
101603,222,217,317,498,378,-8.20,-2.82,-3.14
101703,205,219,287,454,320,-7.92,-4.35,-2.08
101804,177,214,224,373,255,-8.59,-5.57,-1.96
101903,172,212,181,319,238,-7.88,-5.22,-1.69
102003,170,209,163,297,222,-7.81,-4.98,-1.45
102203,170,204,156,283,216,-9.34,-4.67,-1.26
102303,170,203,155,283,217,-9.41,-4.63,-0.71
102403,170,204,157,284,218,-8.71,-4.43,-1.14
102503,171,204,170,298,221,-9.02,-4.43,-0.98
102603,171,208,216,342,230,-8.90,-4.35,-1.77
102703,172,215,263,404,248,-9.02,-4.59,-1.84
102803,174,218,290,455,285,-8.12,-4.63,-1.96
102903,180,218,302,481,314,-7.57,-4.82,-2.39
103003,192,219,307,496,333,-7.69,-4.55,-2.82
103103,203,221,304,500,342,-7.69,-4.20,-2.79
103203,208,221,304,502,350,-7.88,-3.96,-2.90
103303,211,218,306,505,361,-7.65,-3.65,-2.94
103403,214,218,309,502,374,-8.04,-3.06,-3.14
103503,217,217,310,500,376,-9.49,-3.33,-2.90
103603,215,216,309,498,378,-8.63,-3.02,-2.79
103703,216,216,309,496,377,-8.08,-3.53,-2.90
103803,215,216,310,494,374,-9.14,-3.80,-2.31
103903,205,215,297,479,351,-8.43,-3.02,-2.98
104003,181,214,243,394,278,-8.71,-5.10,-2.00
104103,170,212,199,347,290,-8.20,-4.90,-1.96
104203,168,210,179,317,235,-7.26,-5.10,-1.49
104303,168,208,167,302,226,-7.92,-4.82,-1.49
104403,170,210,164,294,224,-8.63,-5.26,-1.45
104503,168,204,163,292,223,-9.96,-4.75,-0.75
104603,171,209,164,295,225,-9.57,-4.55,-0.39
104704,169,207,166,300,226,-8.67,-4.75,-0.47
104803,167,209,170,306,230,-8.79,-4.79,-0.47
104903,170,211,192,330,237,-9.14,-4.79,0.04
105004,171,214,240,388,250,-8.75,-4.94,-0.43
105103,174,218,274,435,278,-8.67,-4.79,-0.94
105203,177,218,295,469,312,-7.61,-5.10,-1.65
105403,190,218,316,495,343,-7.57,-5.10,-2.04
105503,195,218,312,499,349,-7.61,-4.86,-2.35
105603,204,218,309,501,356,-8.08,-4.28,-2.51
105703,206,220,315,503,365,-8.20,-3.96,-3.10
105803,206,218,317,506,369,-7.37,-3.88,-2.98
105903,209,216,315,503,377,-9.69,-4.55,-2.51
106003,208,217,313,501,378,-7.57,-3.77,-2.82
106103,204,218,317,501,374,-7.77,-4.20,-2.75
106203,197,218,303,486,352,-7.18,-3.69,-2.51
106303,187,217,262,428,306,-9.53,-4.90,-1.84
106403,179,216,216,370,275,-8.24,-4.04,-2.43
106503,175,219,189,332,274,-7.92,-3.69,-3.18
106603,174,216,177,314,243,-8.04,-3.33,-3.02
106703,173,216,174,308,239,-7.37,-3.22,-3.06
106803,173,214,173,308,241,-9.10,-3.45,-2.82
106903,172,213,172,308,240,-7.96,-2.79,-2.79
107003,171,212,169,307,241,-9.14,-2.82,-2.75
107103,172,212,170,307,241,-8.43,-2.75,-2.82
107203,171,208,171,307,240,-8.43,-2.67,-2.67
107303,172,212,171,308,241,-8.79,-2.67,-3.18
107403,173,215,218,353,250,-9.45,-3.33,-2.28
107503,178,219,252,399,266,-8.08,-3.73,-2.59
107603,179,214,276,433,294,-8.00,-4.47,-2.71
107703,187,219,297,467,325,-7.45,-4.43,-3.06
107803,204,218,307,489,343,-7.26,-4.90,-3.10
107904,210,218,307,502,357,-6.98,-5.33,-3.02
108003,213,218,308,504,367,-7.10,-4.24,-3.41
108103,214,219,301,502,379,-7.92,-4.20,-3.45
108204,215,218,303,500,385,-9.22,-3.53,-3.53
108303,215,201,300,497,386,-9.22,-3.88,-3.14
108403,214,218,295,495,384,-7.81,-3.77,-2.98
108603,189,216,263,425,311,-7.92,-5.69,-2.16
108703,175,217,217,364,302,-7.41,-4.82,-2.67
108803,171,216,179,319,239,-7.18,-4.35,-2.90
108903,169,211,163,298,225,-7.34,-4.31,-2.94
109003,173,209,158,288,219,-7.45,-4.00,-2.39
109103,166,207,155,281,216,-9.10,-3.37,-2.08
109203,166,206,153,279,216,-10.32,-2.86,-2.63
109303,165,206,154,279,215,-9.06,-3.06,-2.67
109403,165,205,153,279,215,-9.18,-3.53,-2.08
109503,165,206,154,281,216,-8.75,-3.18,-1.92
109603,165,206,157,283,219,-8.71,-3.18,-2.31
109703,166,208,166,296,225,-8.79,-3.37,-2.35
109803,170,215,205,345,236,-8.71,-3.84,-2.31
109903,174,223,249,386,251,-8.67,-4.43,-2.00
110003,176,236,272,419,286,-8.75,-4.39,-2.08
110103,176,246,291,452,324,-8.36,-4.67,-2.47
110203,176,249,309,477,341,-7.92,-4.98,-2.35
110303,185,245,316,489,350,-7.10,-4.98,-2.67
110403,198,244,316,498,357,-7.26,-4.31,-2.75
110503,207,246,316,503,366,-8.75,-3.88,-3.06
110603,211,236,314,504,372,-9.26,-3.45,-3.30
110703,216,231,313,501,376,-8.59,-3.14,-3.18
110803,217,229,313,499,378,-8.47,-3.41,-2.79
110903,217,229,312,496,379,-8.71,-3.45,-3.02
111003,217,228,312,496,379,-7.69,-3.45,-3.14
111104,214,228,319,494,375,-8.12,-3.69,-2.82
111203,204,224,297,465,342,-8.12,-4.04,-3.06
111303,179,218,234,372,284,-9.10,-4.75,-2.75
111404,171,214,183,319,237,-8.12,-4.00,-3.14
111503,171,209,165,298,225,-7.34,-3.30,-3.33
111603,172,206,162,289,218,-7.92,-3.45,-3.02
111803,173,205,160,286,218,-9.65,-3.26,-2.98
111903,172,205,160,286,218,-7.85,-2.86,-3.45
112003,174,205,160,287,219,-8.87,-3.10,-2.98
112103,173,207,170,296,222,-8.94,-2.94,-2.98
112203,174,212,236,364,237,-9.26,-3.30,-3.18
112303,174,219,280,440,275,-8.59,-3.84,-2.98
112403,183,219,301,478,320,-7.77,-4.47,-3.06
112503,193,219,311,491,340,-7.73,-4.75,-2.86
112603,205,221,318,505,348,-8.04,-4.12,-2.59
112703,211,221,313,499,358,-7.69,-4.12,-3.57
112803,212,220,308,502,369,-7.02,-3.18,-3.80
112903,209,218,313,498,376,-8.43,-2.67,-3.61
113003,214,217,310,496,376,-10.04,-3.02,-2.94
113103,211,219,309,496,378,-8.59,-3.37,-2.47
113203,215,219,307,493,377,-8.47,-3.26,-2.82
113303,211,217,301,492,368,-8.04,-2.98,-2.86
113403,195,215,248,429,307,-8.51,-5.10,-2.12
113503,176,216,209,363,257,-7.81,-4.82,-1.88
113603,173,217,185,331,249,-8.04,-5.06,-1.57
113703,164,215,179,320,244,-8.71,-4.51,-0.94
113803,175,209,179,319,246,-9.73,-3.69,-1.02
113903,175,215,180,320,247,-9.65,-3.57,-1.26
114003,174,214,180,321,249,-8.87,-3.33,-1.73
114103,176,214,180,323,250,-9.77,-3.06,-1.33
114203,176,214,181,323,248,-8.67,-2.94,-1.45
114304,176,214,181,324,253,-9.18,-2.71,-1.96
114403,177,213,181,324,253,-9.49,-2.43,-2.20
114503,177,213,181,325,254,-8.79,-2.51,-2.43
114604,178,213,182,326,254,-9.22,-2.51,-2.28
114703,177,214,182,326,256,-8.28,-3.06,-2.20
114803,180,213,183,326,258,-8.79,-3.14,-2.12
115003,173,213,183,328,258,-9.06,-2.79,-2.16
115103,184,210,181,328,259,-8.83,-2.90,-2.35
115203,170,214,184,328,257,-9.10,-2.28,-2.59
115303,174,215,183,330,257,-9.26,-2.47,-2.71
115403,180,213,184,330,259,-8.94,-3.41,-1.65
115503,180,214,184,330,258,-9.53,-2.51,-2.59
115603,180,214,185,330,259,-9.18,-2.63,-2.20
115703,180,214,185,330,259,-9.02,-2.86,-2.08
115803,180,215,185,331,257,-8.67,-3.14,-2.47
115903,181,216,190,334,259,-8.94,-2.71,-2.55
116003,180,215,191,335,260,-8.83,-2.71,-2.24
116103,180,216,191,335,260,-8.83,-2.90,-2.43
116203,181,216,207,350,261,-9.18,-3.37,-2.28
116303,183,220,238,384,270,-9.65,-3.61,-1.80
116403,186,223,264,423,296,-9.02,-3.88,-1.69
116503,184,223,292,461,324,-7.96,-5.06,-1.37
116603,185,221,311,488,342,-7.45,-4.94,-2.00
116703,188,223,324,505,355,-7.02,-4.67,-2.71
116803,200,219,322,506,368,-8.04,-5.10,-2.47
116903,201,224,322,512,374,-8.75,-3.80,-2.90
117003,205,223,324,510,383,-9.26,-3.53,-2.98
117103,206,223,323,506,384,-9.57,-3.06,-3.02
117203,205,224,321,502,384,-9.38,-3.57,-2.67
117303,201,219,319,500,372,-7.65,-2.47,-2.79
117403,185,216,261,418,309,-9.14,-5.92,-1.88
117504,173,212,206,354,298,-7.77,-4.90,-1.65
117603,172,216,172,307,229,-7.30,-5.02,-2.00
117703,171,210,160,290,217,-7.10,-4.35,-2.12
117804,172,206,155,280,211,-7.18,-3.37,-2.75
117903,170,207,154,277,209,-9.61,-2.94,-2.43
118003,172,204,151,276,208,-9.73,-3.02,-2.47
118203,172,203,152,275,208,-9.02,-2.94,-2.39
118303,168,203,153,274,208,-9.26,-2.98,-2.43
118403,169,204,154,277,210,-9.77,-3.53,-2.16
118503,173,209,222,354,232,-9.49,-3.96,-1.69
118603,174,217,278,437,260,-8.24,-4.51,-1.84
118703,178,217,303,481,312,-8.28,-4.67,-2.59
118803,197,217,302,495,323,-7.69,-4.79,-2.43
118903,206,216,292,503,347,-7.69,-5.22,-2.08
119003,209,216,303,503,363,-7.41,-4.08,-2.98
119103,213,215,272,501,377,-8.43,-3.45,-3.41
119203,216,212,304,496,383,-9.73,-3.22,-3.26
119303,216,214,269,498,384,-9.26,-3.45,-3.02
119403,216,214,303,494,383,-8.24,-3.37,-3.30
119503,216,213,306,492,378,-8.28,-3.53,-2.98
119603,198,214,278,447,325,-8.20,-4.43,-2.71
119703,171,213,202,354,298,-8.39,-5.37,-2.20
119803,165,210,171,305,226,-7.73,-4.67,-1.96
119903,172,208,158,286,215,-8.04,-4.00,-2.16
120003,171,206,153,277,209,-8.98,-3.88,-1.22
120103,170,205,152,272,207,-10.36,-3.45,-1.33
120203,170,203,150,274,208,-10.28,-3.10,-1.73
120303,170,204,149,274,208,-9.45,-2.94,-1.41
120403,172,200,154,275,208,-10.00,-2.94,-1.80
120503,177,213,243,378,233,-10.63,-4.43,-0.55
120603,177,218,299,463,285,-9.85,-4.12,-1.53
120704,180,217,309,487,303,-8.00,-4.43,-1.88
120803,198,212,310,502,337,-6.47,-3.41,-2.90
120903,208,214,313,507,358,-7.26,-3.49,-3.26
121004,211,213,316,504,374,-7.02,-2.90,-3.77
121103,214,214,312,500,381,-8.67,-2.94,-3.88
121203,216,214,310,497,380,-8.51,-2.79,-3.14
121403,189,212,254,413,286,-8.00,-5.18,-2.55
121503,170,211,194,340,239,-7.69,-6.16,-3.10
121603,168,210,167,303,218,-6.67,-3.84,-2.20
121703,166,209,161,289,214,-7.92,-6.24,0.43
121803,168,210,158,285,212,-5.33,-5.61,1.06
121903,167,209,157,285,210,-5.61,-7.73,0.31
122003,168,209,155,281,210,-5.81,-9.57,0.59
122103,166,207,153,279,207,-4.86,-10.16,1.73
122203,166,208,151,274,204,-4.12,-10.40,2.63
122303,166,206,152,272,203,-2.90,-9.96,3.14
122403,166,206,152,272,202,-3.80,-9.89,3.53
122503,166,208,167,293,209,-3.57,-10.47,3.69
122603,170,209,229,365,231,-4.00,-10.28,2.98
122703,173,212,274,420,257,-4.28,-9.65,1.61
122803,181,212,304,477,295,-5.14,-9.02,0.39
122903,196,211,312,494,333,-5.81,-8.47,-0.47
123003,207,215,313,508,352,-5.06,-7.49,-2.04
123103,211,212,311,505,369,-5.61,-6.08,-3.02
123203,217,213,313,499,369,-6.67,-6.32,-2.90
123303,220,212,310,498,376,-7.22,-5.57,-3.61
123403,219,213,310,496,373,-7.18,-5.37,-3.69
123503,215,213,305,490,365,-7.06,-5.26,-3.69
123603,199,212,259,444,323,-7.41,-6.86,-2.90
123703,183,206,217,379,266,-5.49,-7.37,-2.31
123803,179,211,174,329,244,-6.08,-7.53,-1.45
123904,176,210,166,301,228,-6.32,-7.49,-0.20
124003,176,207,159,289,219,-6.94,-8.00,1.18
124103,175,206,157,284,216,-6.16,-8.36,1.41
124204,174,207,156,283,216,-6.28,-8.87,2.67
124303,172,205,155,282,215,-6.08,-8.79,2.67
124403,172,205,155,283,215,-5.65,-9.02,2.98
124603,171,205,156,284,216,-5.41,-8.87,3.06
124703,172,208,206,334,231,-5.37,-9.57,3.37
124803,173,215,265,414,256,-5.84,-9.18,2.75
124903,172,214,290,457,290,-5.30,-8.67,1.45
125003,182,218,300,478,313,-4.51,-8.08,-0.04
125103,196,214,307,490,332,-4.86,-7.92,-1.37
125203,204,215,306,498,349,-6.20,-6.83,-1.80
125303,205,213,310,500,353,-6.55,-5.18,-2.94
125403,208,218,308,502,365,-7.10,-4.86,-4.35
125503,207,214,307,498,367,-7.92,-5.02,-4.94
125603,208,214,304,498,370,-7.45,-5.37,-3.80
125703,206,211,301,488,363,-6.43,-4.79,-3.30
125803,192,211,271,442,308,-7.41,-6.79,-2.47
125903,174,213,214,368,283,-7.22,-6.59,-1.57
126003,169,207,174,320,232,-7.77,-6.67,-0.82
126103,167,205,160,296,222,-6.86,-7.65,-0.20
126203,166,207,156,287,216,-5.92,-8.55,1.26
126303,164,206,155,285,216,-5.02,-9.61,3.10
126403,164,206,157,279,216,-4.31,-9.81,3.69
126503,167,206,156,287,217,-3.92,-9.53,3.77
126603,164,206,155,287,217,-4.47,-9.18,3.45
126703,165,208,157,291,218,-4.35,-9.22,3.26
126803,166,207,166,306,223,-4.39,-9.41,3.26
126903,168,209,208,352,239,-5.18,-9.57,3.26
127003,171,214,266,410,266,-5.61,-9.77,2.04
127104,172,216,298,469,306,-4.94,-8.94,0.47
127203,182,216,321,496,330,-5.02,-8.71,-0.35
127303,197,214,321,504,344,-4.82,-7.85,-1.57
127404,209,217,320,509,354,-5.49,-7.41,-2.00
127503,211,212,320,506,360,-5.81,-6.51,-3.02
127603,213,213,318,502,368,-6.47,-6.04,-3.69
127803,211,211,316,499,378,-6.20,-7.14,-3.49
127903,210,210,312,497,373,-5.81,-6.28,-3.69
128003,191,212,282,455,333,-5.37,-7.06,-2.79
128103,171,211,228,385,282,-6.04,-8.04,-1.29
128203,168,210,187,340,249,-4.67,-10.08,-0.12
128303,167,208,164,306,227,-5.45,-8.59,0.47
128403,166,207,158,291,220,-5.69,-8.12,1.14
128503,165,206,155,284,215,-5.69,-8.43,1.88
128603,166,207,156,284,214,-6.39,-8.90,2.67
128703,166,206,154,283,214,-6.55,-8.75,2.43
128803,166,205,155,283,214,-6.35,-8.28,2.08
128903,166,206,156,289,219,-6.67,-8.00,1.33
129003,166,206,159,297,223,-6.98,-7.26,0.94
129103,167,207,165,311,231,-7.26,-4.86,0.86
129203,166,209,166,313,234,-8.00,-3.77,-0.86
129303,167,210,166,312,234,-10.40,-4.28,-0.67
129403,166,197,166,311,234,-9.14,-3.18,-0.90
129503,166,211,166,311,235,-8.28,-2.43,-1.37
129603,167,212,167,313,237,-9.38,-3.33,-1.18
129703,168,214,175,319,239,-8.79,-3.53,-1.84
129803,168,215,178,322,239,-9.26,-3.53,-1.61
129903,169,215,184,327,239,-8.94,-3.49,-1.45
130003,173,217,240,393,261,-10.20,-4.82,-0.71
130103,176,220,278,463,295,-9.26,-5.65,-0.24
130203,178,218,306,497,348,-6.94,-4.86,-0.35
130304,193,219,312,511,357,-7.41,-4.12,-1.41
130403,202,219,309,511,367,-7.53,-4.24,-3.14
130503,209,218,309,510,384,-7.34,-3.84,-3.02
130604,207,217,308,506,373,-9.02,-3.92,-2.86
130703,206,216,304,503,373,-8.16,-3.73,-3.33
130803,206,216,304,504,371,-8.16,-3.96,-2.39
131003,175,214,245,401,296,-8.20,-6.86,-1.29
131103,170,214,186,334,240,-8.79,-5.81,-1.10
131203,168,210,163,298,224,-7.85,-5.37,-0.31
131303,169,209,158,288,219,-8.71,-4.75,-0.12
131403,166,206,156,284,217,-9.89,-4.59,0.20
131503,168,207,156,284,218,-10.12,-4.43,0.86
131603,167,205,156,284,217,-9.53,-4.24,0.08
131703,167,204,156,284,218,-9.45,-3.88,-0.04
131803,168,205,157,285,218,-9.14,-4.08,0.24
131903,166,205,158,286,210,-9.81,-4.28,0.00
132003,168,207,182,317,230,-9.53,-4.94,-0.04
132103,171,215,239,380,245,-9.14,-4.98,-0.78
132203,173,222,278,433,260,-8.39,-5.57,-1.53
132303,176,222,299,459,276,-6.94,-4.55,-2.39
132403,187,207,310,482,306,-7.45,-4.90,-2.82
132503,199,223,317,498,327,-7.26,-4.86,-2.31
132603,209,222,322,504,343,-7.77,-4.35,-2.98
132703,215,219,320,506,356,-8.00,-3.41,-3.33
132803,221,217,324,498,364,-8.12,-3.41,-3.57
132903,223,214,324,498,370,-8.79,-3.06,-3.37
133003,222,213,320,498,360,-8.59,-2.98,-3.41
133103,217,215,316,493,357,-8.28,-2.59,-2.75
133203,201,210,278,434,303,-8.32,-4.24,-2.86
133303,183,214,225,376,258,-9.06,-4.51,-2.31
133403,178,214,204,351,281,-7.53,-4.35,-1.80
133504,179,216,194,341,254,-8.47,-4.47,-0.90
133603,183,217,195,341,254,-10.55,-4.39,-1.06
133703,184,218,195,344,259,-9.92,-4.12,0.08
133804,185,219,193,342,259,-9.34,-4.00,-0.08
133903,183,217,195,340,271,-8.75,-3.73,-0.16
134003,183,213,193,344,261,-8.98,-3.69,-0.78
134203,183,217,193,345,260,-9.53,-2.67,-1.61
134303,185,215,192,343,258,-8.98,-3.10,-1.73
134403,187,214,192,343,258,-8.90,-3.37,-1.29
134503,189,217,193,343,258,-8.98,-3.49,-1.53
134603,190,213,192,344,258,-9.34,-3.45,-1.84
134703,191,216,192,343,257,-9.18,-3.18,-2.00
134803,196,215,192,344,258,-9.02,-3.73,-1.45
134903,194,217,192,343,258,-8.04,-3.33,-2.28
135003,191,217,190,343,258,-8.59,-3.33,-1.92
135103,188,216,191,344,259,-8.67,-3.45,-1.53
135203,187,217,191,343,259,-8.67,-3.33,-1.73
135303,186,217,190,344,251,-9.02,-3.49,-1.73
135403,187,217,191,346,259,-9.02,-3.69,-1.37
135503,187,218,191,347,260,-9.18,-4.04,-1.06
135603,186,217,190,348,260,-8.67,-4.28,-0.67
135703,183,217,191,347,260,-8.20,-4.35,-0.43
135803,176,215,181,338,256,-9.30,-5.18,0.20
135903,175,213,173,330,252,-8.63,-5.14,1.14
136003,175,212,171,329,252,-8.79,-5.41,1.88
136103,172,213,171,328,252,-8.59,-5.37,1.84
136203,174,213,171,329,251,-8.51,-5.57,1.57
136303,161,213,194,346,255,-8.87,-5.49,1.80
136403,175,215,262,428,277,-9.73,-6.67,2.04
136503,176,215,297,476,307,-8.12,-6.24,1.02
136603,191,214,312,493,328,-6.94,-5.69,-1.02
136704,204,215,313,501,343,-7.49,-4.86,-2.20
136803,208,214,312,504,365,-7.53,-4.67,-2.55
136903,213,215,311,502,387,-7.85,-4.31,-2.79
137004,223,215,312,495,385,-7.92,-3.73,-3.10
137103,224,213,310,493,384,-8.36,-3.45,-3.45
137203,223,214,311,490,382,-8.51,-3.49,-3.30
137403,199,212,275,448,333,-8.12,-6.04,-1.77
137503,187,212,227,387,285,-8.43,-6.00,-1.29
137603,174,214,190,341,261,-7.49,-6.08,-1.10
137703,174,208,168,307,233,-7.81,-5.96,-0.63
137803,172,207,154,289,219,-7.88,-6.51,0.86
137903,170,207,152,280,212,-6.94,-6.63,1.29
138003,171,204,151,278,211,-8.39,-6.79,2.79
138103,170,205,151,278,212,-9.06,-6.32,2.47
138203,170,205,152,278,211,-8.12,-6.16,2.08
138303,169,204,150,278,212,-8.08,-6.24,2.55
138403,169,205,151,278,212,-8.04,-6.16,1.88
138503,170,205,154,284,218,-8.28,-6.08,1.96
138603,171,208,190,333,235,-8.39,-6.51,1.49
138703,170,210,254,400,259,-8.16,-6.63,0.59
138803,172,212,283,443,281,-7.53,-5.96,-0.59
138903,176,214,304,473,305,-7.22,-6.04,-1.06
139003,182,215,316,483,322,-7.06,-6.28,-1.73
139103,191,216,318,490,332,-7.06,-6.43,-2.63
139203,204,216,319,499,347,-6.90,-5.69,-2.43
139303,207,211,323,504,354,-6.83,-5.14,-3.22
139403,209,214,331,503,366,-7.41,-5.10,-3.53
139503,210,214,325,504,373,-7.85,-4.98,-3.06
139603,207,214,319,494,380,-8.04,-4.55,-3.14
139703,202,214,319,492,371,-7.73,-4.79,-2.75
139803,202,213,300,477,351,-7.49,-4.90,-2.28
139904,187,210,244,409,289,-7.85,-6.55,-1.53
140003,174,212,201,355,258,-7.53,-6.59,-0.78
140103,172,211,173,308,231,-7.02,-6.28,0.04
140204,172,211,162,290,222,-7.96,-7.18,-0.04
140303,171,207,153,281,213,-7.77,-6.83,0.59
140403,171,205,152,276,208,-8.39,-6.32,0.71
140603,172,205,151,275,207,-8.59,-6.04,0.94
140703,171,206,152,274,207,-8.51,-5.77,0.98
140803,170,204,152,275,209,-8.36,-5.84,1.06
140903,171,206,157,283,215,-8.75,-6.43,0.75
141003,171,202,193,344,238,-8.24,-6.83,1.02
141103,173,210,244,397,260,-7.34,-6.71,0.43
141203,174,211,280,450,305,-6.79,-6.63,-0.75
141303,180,215,294,481,333,-6.67,-6.35,-1.37
141403,191,215,309,490,346,-7.34,-6.16,-1.77
141503,185,215,305,493,352,-7.65,-5.37,-2.00
141603,205,214,304,498,363,-7.10,-4.59,-2.94
141703,205,215,305,501,371,-8.59,-4.20,-3.10
141803,206,214,304,498,376,-8.12,-2.79,-3.73
141903,208,213,304,499,381,-9.89,-5.02,-1.92
142003,207,214,302,498,382,-8.32,-4.31,-2.28
142103,208,214,301,494,379,-8.12,-4.28,-2.75
142203,201,213,283,456,342,-7.41,-5.10,-2.20
142303,184,213,205,385,307,-7.77,-6.67,-1.10
142403,175,211,188,335,244,-7.41,-6.12,-0.59
142503,173,210,166,303,228,-7.92,-6.35,0.43
142603,172,208,151,289,219,-7.57,-6.08,0.67
142703,171,204,151,280,213,-7.92,-6.16,0.90
142803,170,204,152,278,212,-8.43,-5.57,0.98
142903,170,203,151,279,211,-9.10,-5.77,0.86
143003,170,207,150,277,211,-8.08,-5.49,0.39
143104,172,204,152,277,212,-8.36,-5.61,0.75
143203,169,205,156,281,217,-8.47,-5.65,0.90
143303,173,211,225,355,240,-8.16,-6.39,0.12
143404,180,213,277,417,263,-7.06,-6.59,-0.59
143503,189,212,304,461,279,-7.65,-6.35,-0.78
143603,195,220,317,476,301,-6.83,-6.00,-2.12
143803,203,221,318,501,339,-6.28,-5.22,-3.53
143903,209,223,320,504,351,-7.61,-4.39,-3.84
144003,208,217,311,501,359,-7.96,-3.77,-4.20
144103,210,220,316,498,359,-8.08,-3.96,-3.69
144203,210,220,316,498,360,-8.12,-4.35,-3.30
144303,210,220,314,494,359,-7.88,-4.51,-3.45
144403,205,218,310,488,347,-6.63,-3.53,-3.33
144503,187,218,259,416,283,-8.20,-6.32,-1.61
144603,175,216,198,351,251,-8.87,-6.47,0.00
144703,170,211,165,305,226,-8.16,-6.35,0.08
144803,170,205,156,286,217,-7.88,-5.77,0.47
144903,169,206,153,280,213,-8.16,-5.73,0.98
145003,167,205,153,276,207,-9.18,-6.08,1.65
145103,167,204,151,276,211,-9.14,-6.08,0.90
145203,167,203,152,275,210,-8.39,-5.77,0.78
145303,168,203,152,275,212,-8.36,-5.49,0.82
145403,168,204,153,276,211,-8.83,-5.81,0.94
145503,168,207,199,334,228,-9.45,-6.51,1.33
145603,173,216,273,430,273,-8.43,-6.43,0.59
145703,175,214,303,473,321,-6.20,-5.96,-1.33
145803,177,217,318,493,350,-6.20,-5.57,-1.41
145903,186,215,325,507,364,-6.83,-5.57,-2.00
146003,200,217,322,507,368,-7.85,-5.10,-2.55
146103,206,216,323,509,372,-8.36,-4.35,-3.10
146203,208,217,321,502,372,-8.16,-4.28,-3.30
146304,208,216,315,501,372,-8.83,-4.08,-3.41
146403,208,215,316,500,368,-8.08,-3.84,-3.02
146503,203,215,312,496,370,-7.88,-3.69,-3.10
146604,199,212,299,481,350,-6.43,-3.61,-3.02
146703,178,212,240,404,280,-8.67,-6.59,-1.02
146803,172,212,189,337,278,-7.88,-6.43,-0.59
147003,169,207,160,300,226,-7.37,-6.55,0.43
147103,169,206,155,292,221,-8.12,-7.10,1.26
147203,168,207,154,288,218,-8.71,-6.24,1.45
147303,168,205,154,287,220,-8.08,-5.92,1.41
147403,169,204,152,285,217,-8.04,-5.88,1.41
147503,168,204,153,285,219,-8.16,-5.73,1.18
147603,166,205,153,286,218,-8.04,-5.73,1.14
147703,166,204,152,283,216,-8.28,-5.73,1.02
147803,168,203,150,279,209,-8.20,-5.61,1.02
147903,168,203,150,277,207,-8.28,-5.53,1.14
148003,168,204,151,277,207,-8.08,-5.69,0.98
148103,167,203,150,274,205,-8.00,-5.53,0.86
148203,168,203,150,273,204,-8.12,-5.73,0.86
148303,168,202,150,273,204,-8.16,-5.69,1.02
148403,167,202,151,273,204,-8.24,-5.73,0.78
148503,167,207,226,353,232,-7.92,-6.12,0.55
148603,175,215,265,444,278,-8.43,-6.94,0.67
148703,176,215,305,495,345,-8.39,-7.06,0.00
148803,185,216,310,504,360,-6.83,-6.20,-1.65
148903,196,216,297,510,373,-6.28,-5.22,-2.75
149003,204,216,307,510,381,-6.00,-4.28,-3.65
149103,211,217,299,508,383,-7.77,-3.69,-3.88
149203,208,217,297,503,380,-8.59,-3.92,-3.88
149303,207,218,294,502,376,-8.16,-3.88,-3.84
149403,207,217,295,498,374,-7.49,-3.96,-3.33
149504,196,197,285,483,355,-7.02,-4.00,-2.82
149603,180,214,233,375,288,-8.71,-6.67,-1.49
149703,173,212,180,320,248,-8.04,-6.28,-0.98
149804,172,206,160,291,222,-8.00,-5.81,-0.27
149903,171,205,152,278,209,-7.96,-5.81,-0.04
150003,170,202,148,270,203,-8.59,-6.28,0.63
150203,177,203,149,270,202,-9.26,-5.84,1.49
150303,169,202,150,270,197,-8.28,-5.22,0.78
150403,168,201,149,270,202,-8.55,-5.30,1.02
150503,169,203,150,271,204,-9.06,-5.65,1.33
150603,170,206,176,303,217,-9.14,-5.77,0.98
150703,171,218,255,413,264,-9.10,-5.84,0.75
150803,176,219,292,466,309,-7.69,-5.65,-0.43
150903,180,220,305,488,337,-7.14,-6.43,-1.29
151003,189,220,309,499,351,-6.63,-5.92,-2.04
151103,197,218,310,503,362,-6.55,-5.02,-2.28
151203,204,222,309,506,367,-7.88,-4.71,-2.71
151303,206,222,307,503,375,-7.57,-3.77,-3.33
151403,207,215,306,496,376,-8.67,-3.61,-3.57
151503,206,216,308,492,378,-8.75,-3.92,-3.37
151603,206,215,303,491,376,-7.65,-3.88,-3.02
151703,205,214,302,491,365,-7.85,-4.00,-2.94
151803,183,216,270,441,328,-7.69,-5.77,-2.47
151903,171,212,207,363,302,-7.41,-6.28,-0.47
152003,168,209,166,305,233,-8.28,-6.51,-0.08
152103,165,205,149,278,211,-7.18,-6.00,-0.04
152203,166,202,149,274,200,-8.20,-5.96,0.20
152303,165,201,148,271,198,-9.61,-5.84,0.39
152403,164,202,149,268,198,-8.90,-5.22,-0.31
152503,165,196,149,268,198,-8.75,-5.06,-0.12
152603,153,201,149,269,199,-9.02,-5.06,-0.31
152704,165,204,168,292,217,-9.02,-5.26,-0.08
152803,167,215,246,385,250,-9.69,-5.02,0.71
152903,173,222,279,423,287,-10.04,-5.81,1.41
153004,176,221,304,474,324,-8.59,-6.63,0.39
153103,185,221,316,494,352,-7.57,-6.39,-1.37
153203,201,220,318,509,362,-6.16,-5.41,-2.51
153403,208,222,311,508,377,-8.24,-4.67,-3.45
153503,206,221,316,503,376,-7.73,-5.10,-3.26
153603,205,220,314,500,372,-7.61,-5.26,-3.22
153703,204,219,313,499,370,-8.00,-5.57,-2.94
153803,199,215,316,495,355,-6.59,-4.04,-3.22
153903,183,217,258,423,301,-8.08,-6.55,-1.37
154003,173,216,205,354,262,-7.73,-5.49,-0.78
154103,169,214,179,321,246,-7.26,-5.30,-0.55
154203,170,214,169,312,240,-8.12,-6.08,-0.90
154303,166,211,163,298,224,-8.59,-5.45,0.59
154403,168,208,160,291,222,-9.26,-5.37,0.43
154503,168,209,160,290,222,-8.63,-5.10,0.20
154603,167,205,157,287,221,-8.55,-5.18,0.12
154703,166,210,160,291,220,-8.75,-5.06,0.16
154803,167,208,158,290,222,-8.71,-5.18,0.20
154903,168,212,167,302,226,-9.06,-5.41,0.43
155003,171,220,233,369,252,-8.98,-5.45,0.82
155103,171,223,283,439,288,-9.06,-5.92,0.39
155203,172,221,314,464,306,-7.92,-7.18,1.57
155303,179,225,320,488,325,-6.39,-6.67,-0.67
155403,194,223,325,500,348,-6.32,-7.22,-1.53
155503,206,224,321,507,355,-6.35,-6.59,-2.35
155603,209,220,322,508,362,-6.71,-5.69,-3.02
155703,209,221,318,502,364,-7.37,-4.82,-3.65
155803,210,218,317,499,366,-8.28,-5.88,-3.10
155904,208,218,312,498,366,-7.49,-5.33,-2.71
156003,207,217,313,495,367,-7.69,-5.33,-2.94
156103,203,219,311,493,360,-7.18,-5.18,-2.82
156204,187,219,266,436,312,-8.16,-6.20,-2.08
156303,174,216,220,374,284,-7.85,-6.28,-1.26
156403,170,213,177,320,240,-7.81,-8.08,-5.57
156603,169,209,155,280,214,-7.92,-5.30,-1.22
156703,166,202,152,275,209,-8.63,-4.51,-0.16
156803,167,204,153,273,208,-10.32,-5.33,0.67
156903,165,205,151,271,208,-9.06,-5.10,0.31
157003,166,204,152,272,208,-8.24,-4.79,0.16
157103,166,202,152,272,208,-8.59,-4.94,0.39
157203,165,206,160,281,215,-9.26,-5.22,0.12
157303,175,218,235,369,245,-9.10,-5.33,0.51
157403,178,221,288,435,289,-8.04,-6.08,-0.86
157503,179,222,304,465,311,-7.30,-5.92,-1.29
157603,176,220,308,487,348,-7.30,-6.12,-2.04
157703,188,219,313,499,355,-6.28,-5.73,-2.63
157803,203,219,313,504,361,-6.79,-5.73,-2.86
157903,211,203,308,504,365,-7.26,-5.10,-3.22
158003,212,218,289,502,367,-8.39,-4.94,-3.37
158103,212,218,304,497,369,-7.92,-5.22,-3.37
158203,209,219,296,495,364,-6.63,-4.63,-2.90
158303,191,218,261,454,330,-6.90,-6.35,-2.20
158403,178,218,227,373,267,-8.12,-6.63,-0.78
158503,172,203,180,313,243,-7.73,-6.20,-0.59
158603,170,214,159,291,226,-7.65,-6.24,-1.06
158703,168,210,153,280,204,-7.61,-5.26,-1.18
158803,167,208,151,277,212,-7.92,-4.67,-0.08
158903,167,208,137,276,212,-8.94,-4.94,0.04
159003,167,207,151,275,212,-9.10,-4.63,0.39
159104,166,207,151,275,212,-8.87,-4.67,-0.16
159203,166,207,151,275,212,-9.06,-4.71,-0.16
159303,169,208,161,287,218,-8.94,-4.90,-0.55
159404,171,218,218,366,247,-8.79,-5.18,0.16
159503,177,220,270,428,277,-8.20,-5.61,-0.47
159603,174,220,294,459,306,-7.88,-6.28,-0.47
159803,195,218,307,499,343,-6.16,-5.77,-2.28
159903,204,222,310,508,354,-7.41,-5.18,-2.79
160003,208,227,280,504,362,-8.67,-4.86,-3.45
160103,210,229,305,500,371,-8.28,-5.37,-3.18
160203,209,230,306,497,367,-7.26,-5.84,-3.02
160303,209,231,304,467,366,-6.83,-5.69,-2.71
160403,207,232,298,492,364,-6.94,-5.41,-2.71
160503,196,226,289,471,337,-7.14,-5.96,-2.67
160603,181,221,239,398,276,-8.08,-6.35,-2.31
160703,175,219,189,331,249,-7.57,-6.00,-1.73
160803,173,210,162,299,226,-7.53,-5.65,-2.08
160903,171,208,157,289,220,-7.96,-5.57,-1.53
161003,169,209,154,284,216,-9.22,-4.82,-0.51
161103,169,204,154,283,216,-10.28,-4.79,0.00
161203,169,208,154,284,216,-8.63,-4.59,-0.82
161303,169,208,152,285,215,-8.75,-4.04,-0.51
161403,171,204,156,283,218,-8.87,-4.67,-0.39
161503,167,207,156,282,218,-8.47,-4.59,-0.75
161603,171,209,153,287,219,-8.67,-4.16,-0.82
161703,170,208,156,286,219,-8.94,-4.31,-0.86
161803,167,207,157,287,220,-8.98,-4.47,-1.02
161903,170,210,156,288,220,-9.06,-4.16,-1.14
162003,168,209,157,288,221,-9.14,-4.28,-0.98
162103,164,208,157,283,221,-8.63,-3.96,-1.06
162203,168,209,158,290,221,-9.10,-4.31,-0.98
162304,170,208,143,290,222,-9.45,-3.84,-1.73
162403,170,208,159,290,223,-9.14,-3.22,-1.88
162503,168,210,158,291,222,-8.39,-3.80,-1.88
162604,184,210,159,291,223,-8.43,-3.73,-1.61
162703,127,208,160,291,222,-9.41,-3.65,-2.16
162803,177,209,159,278,223,-8.59,-3.73,-2.24
163003,182,209,161,295,224,-9.10,-4.00,-1.84
163103,182,209,161,294,225,-8.24,-4.16,-2.00
163203,176,209,161,295,225,-8.90,-3.77,-2.35
163303,174,208,162,296,227,-8.71,-3.84,-2.08
163403,173,210,163,299,227,-9.22,-3.88,-1.73
163503,173,209,164,298,227,-8.59,-4.12,-1.61
163603,173,210,164,299,227,-8.79,-4.51,-1.37
163703,174,212,163,295,228,-8.90,-4.28,-1.49
163803,174,209,164,299,227,-8.79,-3.96,-1.73
163903,172,210,162,299,227,-8.75,-3.88,-1.61
164003,174,211,167,302,227,-8.67,-3.80,-1.45
164103,172,212,164,301,228,-9.10,-4.00,-1.33
164203,174,211,167,302,229,-9.41,-4.00,-1.10
164303,176,210,196,332,235,-9.53,-4.67,-0.86
164403,180,216,261,406,255,-9.77,-5.77,0.75
164503,191,218,297,459,277,-7.49,-5.41,-0.47
164603,200,219,319,486,305,-7.26,-6.71,-1.69
164703,209,220,322,505,332,-6.90,-4.63,-1.88
164803,214,227,328,512,350,-8.04,-4.82,-2.28
164903,226,227,323,511,360,-7.81,-4.86,-2.67
165003,232,224,323,506,366,-8.28,-4.47,-2.98
165103,231,223,321,502,366,-8.28,-4.28,-2.63
165203,216,220,317,500,352,-8.79,-4.28,-2.47
165303,194,215,270,433,294,-8.24,-6.43,-1.80
165403,182,215,214,367,253,-6.90,-5.69,-1.37
165504,177,208,174,311,235,-7.41,-5.84,-0.71
165603,176,205,160,287,219,-7.57,-5.69,-0.71
165703,175,203,154,277,210,-7.92,-6.00,-0.35
165804,175,205,152,273,207,-9.06,-5.81,0.71
165903,177,202,152,271,206,-9.85,-6.24,1.29
166003,176,202,151,270,206,-8.55,-5.69,0.75
166203,178,208,172,305,221,-9.61,-6.32,1.22
166303,178,213,237,378,242,-8.51,-6.00,0.39
166403,175,218,284,441,265,-6.90,-5.88,-0.98
166503,181,217,308,474,299,-6.83,-5.30,-1.80
166603,189,218,317,494,327,-7.06,-5.06,-2.04
166703,201,219,318,504,340,-7.49,-4.82,-2.75
166803,206,222,315,496,350,-7.88,-4.98,-2.67
166903,209,220,294,505,355,-7.57,-3.80,-3.14
167003,211,219,307,502,360,-8.75,-4.55,-2.94
167103,214,219,307,499,360,-8.63,-4.55,-2.86
167203,210,218,303,496,359,-7.57,-3.92,-2.98
167303,198,217,260,442,308,-6.86,-5.77,-2.12
167403,185,215,219,372,270,-8.36,-6.51,-0.55
167503,178,212,176,321,235,-6.98,-5.92,-0.59
167603,177,209,162,300,224,-6.98,-5.18,-0.98
167703,175,191,158,291,221,-7.96,-4.94,-0.82
167803,174,205,156,288,220,-8.90,-4.75,0.12
167903,174,204,146,289,219,-9.61,-4.82,0.27
168003,175,205,162,293,212,-9.34,-5.06,0.00
168103,176,215,220,362,245,-9.57,-5.69,0.86
168203,178,219,267,430,268,-9.18,-6.16,0.20
168303,177,218,284,455,281,-6.98,-4.94,-1.73
168403,181,217,302,480,316,-7.45,-4.75,-2.35
168503,189,218,302,444,333,-7.92,-4.79,-2.59
168603,197,218,304,499,345,-7.77,-4.47,-2.82
168704,204,219,307,503,351,-7.65,-3.88,-2.94
168803,220,223,306,502,362,-7.88,-4.31,-3.22
168903,235,216,304,500,366,-8.55,-4.12,-3.30
169004,239,215,308,499,370,-8.67,-3.73,-3.57
169103,236,214,305,497,372,-8.55,-3.84,-3.06
169203,237,214,307,496,372,-8.24,-4.12,-2.98
169403,197,211,250,409,280,-8.00,-6.12,-1.33
169503,181,212,200,351,246,-8.08,-6.16,-0.12
169603,177,211,168,309,230,-7.88,-5.18,-0.59
169703,175,208,157,289,223,-8.43,-6.00,-0.04
169803,173,209,154,281,218,-8.75,-5.73,0.55
169903,172,203,153,281,217,-9.22,-5.33,0.71
170003,171,204,150,280,214,-9.18,-4.94,0.39
170103,172,204,153,282,218,-9.14,-4.71,0.04
170203,176,210,198,341,237,-9.96,-5.45,0.12
170303,176,216,273,430,259,-8.20,-5.53,-0.12
170403,180,220,299,477,284,-6.43,-5.37,-2.04
170503,200,221,314,495,312,-6.00,-5.26,-2.90
170603,226,220,312,503,334,-7.53,-4.98,-2.39
170703,238,220,312,506,345,-7.65,-4.08,-3.26
170803,242,220,315,503,345,-7.96,-3.53,-3.61
170903,240,222,313,502,357,-8.16,-3.77,-3.10
171003,241,221,315,501,365,-8.63,-3.57,-3.33
171103,238,225,315,499,367,-9.02,-4.16,-2.43
171203,239,224,307,497,366,-8.39,-3.84,-2.90
171303,218,218,294,473,331,-6.90,-3.92,-2.51
171403,200,215,236,392,267,-7.69,-6.28,-0.94
171503,185,216,187,332,239,-8.39,-5.57,-0.20
171603,179,211,166,304,230,-8.32,-5.06,-0.20
171703,176,208,162,295,227,-8.28,-4.71,-0.16
171803,174,207,160,296,225,-9.73,-4.79,1.26
171904,174,206,161,294,227,-9.57,-4.51,1.06
172003,173,205,160,292,226,-8.67,-4.31,0.71
172103,174,205,160,292,227,-9.41,-4.51,0.82
172204,178,210,182,311,233,-9.61,-5.06,0.35
172303,179,221,260,409,261,-9.02,-5.45,0.82
172403,167,222,297,462,291,-8.83,-6.00,0.04
172603,200,221,314,495,329,-6.75,-5.61,-2.08
172703,213,220,323,503,339,-7.37,-5.33,-2.47
172803,223,222,322,509,343,-7.81,-4.00,-3.45
172903,234,226,325,505,353,-8.04,-4.20,-3.41
173003,241,221,320,506,361,-8.16,-4.43,-3.30
173103,240,220,326,499,368,-7.65,-4.63,-3.22
173203,234,220,323,496,367,-7.57,-4.51,-2.94
173303,226,215,315,494,355,-7.34,-3.80,-3.10
173403,194,216,255,414,280,-8.71,-6.32,-2.08
173503,177,210,202,350,246,-7.14,-4.98,-1.53
173603,176,211,171,312,230,-7.57,-4.98,-0.39
173703,175,206,163,299,223,-8.94,-5.30,0.59
173803,174,207,163,299,224,-10.04,-5.33,1.88
173903,173,205,160,299,225,-9.89,-4.90,1.88
174003,174,209,168,303,230,-9.06,-4.71,1.33
174103,175,213,209,354,248,-9.26,-5.22,2.08
174203,176,221,262,421,272,-8.71,-6.12,0.59
174303,179,218,298,475,296,-7.34,-6.43,0.16
174403,197,222,307,495,324,-7.37,-5.06,-2.59
174503,206,222,311,498,332,-7.14,-4.94,-2.47
174603,211,218,310,496,339,-6.83,-4.31,-3.33
174703,224,222,312,493,350,-7.49,-4.75,-2.94
174803,228,217,307,493,353,-7.81,-4.55,-2.71
174903,225,220,309,492,351,-8.28,-4.71,-2.75
175003,225,222,305,489,354,-8.08,-4.28,-2.79
175104,224,223,301,489,351,-7.96,-4.16,-2.86
175203,204,217,279,449,309,-8.12,-5.02,-2.24
175303,182,214,219,377,281,-8.51,-6.67,-1.57
175404,171,211,173,317,232,-6.83,-5.92,-0.98
175503,172,208,157,290,218,-7.53,-5.49,-1.49
175603,171,206,142,279,213,-9.06,-5.53,-0.24
175803,171,203,139,277,212,-9.61,-5.10,0.47
175903,171,204,150,279,206,-9.10,-5.14,-0.24
176003,171,211,206,351,237,-9.45,-5.45,0.31
176103,173,219,252,434,269,-8.43,-5.81,-0.27
176203,174,202,297,476,295,-6.51,-5.69,-1.65
176303,187,219,311,496,327,-6.35,-5.22,-2.55
176403,198,220,308,502,339,-7.02,-4.28,-3.41
176503,205,221,307,504,348,-7.37,-4.31,-3.77
176603,209,218,299,500,354,-8.47,-3.53,-3.77
176703,211,216,294,499,356,-8.47,-3.73,-3.33
176803,212,215,296,496,356,-8.90,-3.84,-3.10
176903,212,216,292,494,355,-8.55,-3.84,-3.30
177003,207,215,288,489,341,-7.26,-3.18,-3.06
177103,189,216,263,428,287,-8.28,-5.73,-1.96
177203,176,215,217,375,265,-7.92,-6.35,-0.98
177303,173,213,179,326,239,-7.41,-6.00,6.98
177403,172,184,164,307,234,-7.37,-5.69,0.24
177503,170,207,162,292,223,-8.08,-4.90,-0.39
177603,167,206,156,285,219,-9.41,-4.59,0.20
177703,168,204,141,285,219,-9.89,-4.39,0.24
177803,168,204,154,286,219,-9.14,-4.98,0.24
177903,164,205,155,286,221,-8.87,-4.94,0.08
178003,166,205,176,319,238,-8.83,-5.18,0.31
178103,170,226,236,363,248,-8.98,-5.88,0.24
178203,172,226,286,421,268,-7.88,-5.41,-0.24
178304,173,231,312,461,298,-7.41,-6.12,-0.82
178403,185,232,314,486,322,-7.37,-5.69,-1.14
178503,201,233,313,495,338,-7.45,-4.63,-2.08
178604,205,235,314,491,344,-7.88,-4.59,-2.75
178703,212,229,313,498,356,-8.63,-4.63,-2.82
178803,214,224,310,489,371,-8.67,-3.65,-2.59
179003,215,223,308,481,366,-8.39,-4.24,-2.43
179103,215,221,306,486,364,-8.43,-4.12,-2.63
179203,201,224,293,470,338,-8.24,-4.04,-2.00
179303,181,219,254,395,308,-8.36,-6.28,-1.26
179403,173,218,206,349,251,-7.14,-5.84,-1.41
179503,171,214,170,311,233,-7.61,-5.18,-0.86
179603,170,208,160,294,223,-8.08,-5.41,-0.16
179703,169,209,156,287,219,-9.22,-5.18,0.43
179803,169,210,154,285,218,-9.92,-4.43,0.12
179903,168,206,156,283,217,-9.61,-4.12,-0.35
180003,167,205,153,283,217,-9.22,-4.20,-0.12
180103,168,206,154,284,217,-9.34,-4.24,-0.39
180203,169,212,172,311,231,-10.28,-5.06,0.24
180303,173,219,249,416,269,-9.18,-4.82,-0.39
180403,177,224,289,468,301,-8.12,-4.71,-0.78
180503,178,282,306,478,312,-6.86,-5.45,-1.49
180603,185,307,319,495,326,-6.86,-5.22,-2.00
180703,209,299,316,499,337,-7.34,-4.71,-2.86
180803,222,263,323,502,343,-8.59,-4.31,-2.98
180903,228,239,320,497,345,-9.22,-4.55,-3.10
181003,231,225,319,493,345,-8.98,-4.35,-2.51
181103,230,224,316,493,348,-8.39,-4.24,-2.55
181203,230,224,324,493,345,-8.51,-4.71,-2.31
181303,231,222,321,493,348,-8.16,-4.20,-2.51
181403,228,226,316,489,344,-8.20,-4.16,-2.71
181504,218,225,310,484,332,-7.92,-2.51,-2.67
181603,191,212,242,398,266,-9.38,-5.96,-1.84
181703,176,214,185,333,235,-8.12,-5.69,-1.45
181804,174,208,162,301,221,-8.12,-5.26,-0.94
181903,173,208,157,294,218,-8.51,-4.79,-1.02
182003,175,206,157,292,221,-9.26,-4.55,0.20
182203,174,202,158,296,225,-10.20,-5.14,0.04
182303,175,208,234,362,243,-9.45,-4.71,0.67
182403,180,218,291,455,275,-9.38,-4.94,0.20
182503,187,217,308,484,301,-7.96,-5.02,-1.53
182603,206,219,316,500,323,-7.49,-5.06,-2.47
182703,217,217,315,499,339,-7.02,-4.67,-2.55
182803,222,215,309,496,353,-7.53,-4.20,-2.98
182903,224,214,309,495,363,-8.16,-3.53,-2.98
183003,225,214,310,493,369,-8.87,-3.30,-2.79
183103,224,213,307,491,367,-8.63,-3.33,-2.86
183203,222,213,306,489,367,-8.63,-3.53,-2.75
183303,222,213,303,492,364,-8.55,-3.53,-2.98
183403,220,213,302,486,356,-8.08,-3.73,-2.94
183503,207,211,282,457,327,-6.94,-3.92,-2.59
183603,183,211,227,392,264,-8.51,-5.84,-1.45
183703,173,210,182,327,239,-7.65,-5.81,-1.22
183803,172,206,160,294,212,-7.49,-5.14,-1.92
183903,171,206,154,282,213,-8.67,-4.82,-1.22
184003,170,205,152,277,208,-8.94,-4.63,-1.02
184103,169,204,152,275,207,-9.45,-4.24,-1.02
184203,169,203,151,275,207,-9.06,-3.84,-1.06
184303,169,202,139,274,207,-8.90,-3.53,-1.22
184403,169,203,152,274,207,-8.75,-3.69,-1.14
184503,168,204,151,274,207,-9.06,-3.84,-0.86
184603,168,204,150,275,209,-9.53,-4.08,-0.86
184704,169,204,153,279,211,-9.38,-4.16,-0.67
184803,170,212,209,326,227,-8.71,-5.10,-0.75
184903,171,243,290,431,309,-7.81,-4.79,-1.22
185004,171,245,314,481,372,-7.26,-5.26,-2.39
185103,194,235,300,492,366,-7.61,-5.84,-1.73
185203,211,225,306,493,374,-7.37,-4.67,-2.55
185403,224,216,303,489,381,-9.26,-4.20,-2.82
185503,222,214,304,488,380,-8.47,-4.20,-2.63
185603,220,215,297,486,379,-8.55,-4.71,-2.47
185703,218,213,301,482,379,-8.28,-4.24,-2.59
185803,218,215,302,482,377,-8.24,-4.39,-2.51
185903,214,214,301,482,376,-7.96,-4.20,-2.79
186003,194,211,274,422,328,-6.59,-3.57,-2.82
186103,169,213,208,339,259,-7.77,-5.10,-1.26
186203,168,210,168,299,223,-7.53,-4.90,-1.73
186303,168,208,153,281,212,-9.22,-4.59,-1.45
186403,167,205,151,276,208,-8.59,-4.00,-0.51
186503,167,204,153,275,208,-9.65,-4.47,-0.24
186603,165,203,150,274,207,-9.34,-4.20,-0.59
186703,165,204,149,275,208,-9.57,-4.00,-0.39
186803,165,204,157,281,212,-10.12,-4.63,-0.39
186903,170,211,221,365,240,-9.41,-5.10,0.04
187003,172,213,276,453,280,-8.08,-4.71,-0.55
187103,175,214,306,504,332,-7.10,-4.86,-1.84
187203,191,215,308,503,343,-7.61,-5.10,-1.37
187303,211,213,306,501,349,-7.96,-4.51,-2.35
187403,228,212,304,495,359,-9.06,-3.49,-2.86
187503,230,212,309,495,369,-9.34,-2.82,-3.02
187603,229,210,307,497,370,-8.98,-3.69,-2.63
187703,227,213,307,490,370,-8.59,-3.84,-2.28
187803,226,212,306,491,370,-8.43,-3.80,-2.04
187904,225,211,306,489,369,-8.79,-3.80,-2.39
188003,223,220,302,487,365,-8.75,-3.22,-2.75
188103,195,210,275,447,324,-8.87,-3.45,-2.12
188204,172,210,204,366,313,-8.63,-5.22,-1.65
188303,168,209,166,311,228,-7.73,-4.71,-1.69
188403,168,207,156,287,216,-7.18,-4.51,-1.61
188603,161,203,153,277,211,-9.81,-4.67,-0.12
188703,164,203,149,277,210,-9.85,-4.39,0.04
188803,165,203,152,275,210,-9.53,-3.84,0.04
188903,167,206,155,281,214,-9.69,-4.35,0.08
189003,172,213,205,342,235,-9.26,-4.67,-0.59
189103,174,221,267,421,267,-8.39,-4.86,-1.10
189203,176,219,321,490,314,-8.36,-4.59,-1.84
189303,183,220,328,503,338,-7.61,-5.02,-1.96
189403,199,223,327,502,347,-7.65,-4.86,-1.88
189503,209,217,328,507,352,-7.73,-4.28,-2.39
189603,219,215,327,502,365,-9.69,-4.12,-2.24
189703,222,212,326,502,370,-9.38,-3.84,-2.75
189803,223,217,321,497,368,-8.75,-3.84,-2.63
189903,223,209,319,496,371,-8.36,-3.65,-2.94
190003,218,215,314,494,366,-8.16,-3.45,-2.51
190103,193,214,272,434,311,-8.36,-5.30,-1.88
190203,174,213,208,364,281,-8.51,-5.61,-1.41
190303,167,212,170,310,232,-8.00,-5.14,-1.02
190403,165,204,155,281,217,-8.63,-5.18,-0.39
190503,166,205,152,273,207,-9.02,-4.35,0.08
190603,164,201,152,271,204,-10.20,-4.16,0.27
190703,164,200,154,270,205,-10.43,-3.96,-0.12
190803,162,203,151,269,205,-9.69,-3.37,-0.04
190903,164,206,153,271,207,-9.69,-4.04,0.00
191003,170,213,198,335,231,-10.28,-4.43,0.67
191104,171,218,262,421,262,-8.83,-4.75,-0.20
191203,175,214,296,478,310,-7.14,-4.94,-1.49
191303,182,215,310,498,344,-6.79,-4.98,-1.77
191404,196,212,308,501,351,-7.49,-4.90,-2.20
191503,209,215,309,502,358,-6.83,-4.51,-2.59
191603,211,216,302,500,375,-7.88,-3.69,-2.90
191803,212,214,301,494,373,-9.18,-3.77,-2.31
191903,214,213,299,492,371,-9.06,-3.84,-2.47
192003,212,214,295,491,368,-8.32,-3.80,-2.43
192103,199,213,283,472,343,-7.26,-3.45,-2.08
192203,178,213,228,400,298,-8.28,-5.65,-1.37
192303,171,212,186,336,257,-8.32,-5.45,-0.51
192403,171,210,163,305,231,-7.73,-5.06,-0.94
192503,161,208,155,286,218,-7.61,-4.71,-1.10
192603,165,205,153,279,212,-8.87,-4.12,-0.04
192703,164,203,151,261,210,-10.08,-4.31,0.82
192803,163,203,152,277,210,-10.32,-3.80,0.43
192903,163,203,151,276,211,-9.65,-3.41,0.04
193003,164,204,152,279,213,-10.08,-3.80,0.04
193103,170,216,196,343,237,-9.81,-4.35,0.51
193203,173,221,263,422,271,-8.94,-4.71,-0.51
193303,175,220,302,482,321,-7.37,-5.41,-1.45
193403,191,220,303,498,345,-7.34,-5.41,-1.18
193503,210,220,300,501,353,-7.02,-4.47,-2.63
193603,221,217,302,498,362,-7.41,-3.84,-3.14
193703,224,216,306,446,369,-8.36,-4.20,-2.79
193803,224,216,303,496,375,-8.87,-3.80,-2.79
193903,222,215,304,492,372,-8.87,-3.65,-2.86
194003,211,194,300,490,358,-8.55,-3.57,-2.12
194103,191,214,254,420,302,-7.81,-5.69,-1.37
194203,175,212,204,364,284,-8.24,-6.00,-0.71
194304,170,207,170,314,230,-6.67,-5.30,1.37
194403,167,206,156,289,217,-8.43,-4.28,-0.98
194503,165,205,152,278,209,-8.24,-3.65,-1.37
194604,163,204,152,276,209,-10.12,-3.37,-0.39
194703,163,203,152,276,209,-9.73,-3.02,-0.94
194803,161,202,151,275,209,-9.02,-3.18,-1.26
195003,163,202,152,275,207,-9.49,-2.71,-0.51
195103,162,202,148,275,209,-9.85,-3.14,-1.10
195203,164,207,159,279,212,-10.04,-4.51,-0.67
195303,170,221,253,398,248,-9.53,-4.59,0.24
195403,174,230,305,484,339,-8.12,-5.81,-0.12
195503,179,223,306,506,340,-7.18,-5.26,-0.94
195603,200,218,310,505,350,-7.37,-4.71,-1.33
195703,212,220,311,508,366,-7.88,-4.08,-2.39
195803,217,218,306,502,376,-9.10,-3.88,-2.82
195903,216,217,300,499,376,-9.10,-3.65,-2.75
196003,219,218,303,497,371,-8.43,-3.77,-2.43
196103,205,217,295,487,351,-7.18,-3.18,-2.51
196203,180,216,237,399,277,-9.26,-5.65,-1.69
196303,161,216,188,341,246,-8.87,-4.79,-1.53
196403,166,211,168,308,230,-6.39,-4.20,-2.20
196503,164,209,159,292,219,-8.04,-4.00,-1.29
196603,163,207,155,284,215,-10.47,-3.92,-0.08
196703,162,206,156,281,213,-10.08,-3.80,-0.39
196803,163,205,155,280,212,-9.49,-3.84,-0.86
196903,162,205,154,276,212,-8.71,-3.26,-0.63
197003,158,206,154,280,212,-9.26,-3.45,-0.63
197103,166,209,163,295,220,-10.04,-4.20,-0.78
197203,171,221,217,375,253,-9.69,-4.00,0.20
197303,174,223,258,424,308,-8.55,-4.67,-0.47
197403,174,222,284,468,351,-7.53,-5.02,-1.33
197504,185,220,313,491,358,-7.57,-5.37,-1.80
197603,212,220,318,496,367,-7.26,-3.61,-2.63
197703,219,221,317,499,375,-8.83,-3.30,-2.51
197804,223,219,321,494,381,-8.94,-3.88,-1.77
197903,225,217,316,491,382,-9.22,-3.84,-1.92
198003,224,218,314,488,379,-8.32,-3.80,-2.08
198203,229,219,305,489,380,-8.47,-3.88,-1.61
198303,224,217,311,483,377,-8.28,-3.92,-1.29
198403,225,217,311,481,372,-8.94,-3.10,-2.00
198503,224,215,300,482,369,-9.02,-3.06,-2.04
198603,224,216,300,479,368,-9.26,-3.22,-1.73
198703,206,216,291,470,348,-8.55,-1.92,-1.96
198803,173,211,209,367,265,-9.14,-4.86,-1.92
198903,166,206,164,295,218,-7.49,-4.20,-1.88
199003,165,207,152,276,204,-7.34,-3.96,-1.53
199103,166,205,150,271,200,-8.71,-3.84,-0.27
199203,166,203,150,267,199,-9.81,-4.16,0.59
199303,164,203,151,268,199,-9.49,-3.77,0.63
199403,164,205,151,268,199,-8.83,-3.49,0.59
199503,163,203,149,267,200,-9.65,-4.12,1.06
199603,162,203,149,268,198,-9.57,-3.69,0.35
199703,164,202,150,268,199,-9.45,-3.53,0.86
199803,167,210,183,323,223,-10.51,-4.04,0.71
199903,171,218,258,414,256,-11.22,-4.98,0.39
200003,173,220,287,459,299,-8.67,-4.98,-0.20
200103,181,218,303,483,338,-7.26,-4.79,-1.41
200203,192,217,308,489,330,-6.32,-4.79,-2.20
200303,205,216,308,499,338,-7.96,-4.94,-2.00
200403,210,217,309,501,365,-8.20,-3.53,-2.79
200503,212,216,310,495,376,-9.61,-3.37,-2.94
200603,213,215,308,489,379,-9.18,-3.30,-2.63
200704,213,215,307,486,376,-8.71,-3.33,-2.39
200803,204,215,300,471,361,-7.57,-1.69,-2.94
200903,179,216,244,397,283,-9.10,-4.71,-1.96
201004,167,215,182,320,258,-7.81,-4.86,-0.78
201103,164,210,160,291,223,-9.34,-5.92,-0.67
201203,162,207,153,282,216,-8.36,-4.20,0.55
201403,161,204,152,265,210,-10.36,-3.18,0.31
201503,162,203,152,276,210,-9.81,-3.02,0.20
201603,163,205,158,284,214,-10.28,-3.22,0.24
201703,171,216,248,371,237,-10.36,-4.24,0.12
201803,171,219,285,438,269,-9.45,-5.10,-0.24
201903,178,218,298,474,306,-7.41,-5.33,-1.57
202003,204,223,299,492,335,-7.22,-5.26,-1.88
202103,216,223,298,501,358,-6.63,-3.22,-2.63
202203,224,222,314,499,372,-8.83,-3.26,-3.77
202303,226,223,316,483,376,-9.30,-2.31,-3.88
202403,224,221,314,491,373,-8.87,-2.24,-3.37
202503,225,220,310,492,366,-7.49,-2.31,-2.75
202603,225,221,307,486,386,-8.79,-3.18,-2.43
202703,224,221,310,486,363,-8.43,-2.47,-2.47
202803,223,220,308,485,363,-9.10,-2.90,-2.51
202903,222,204,310,482,360,-9.14,-2.90,-2.51
203003,223,220,308,480,362,-8.83,-2.75,-2.51
203103,222,219,309,481,362,-8.00,-3.10,-2.55
203203,222,216,308,482,362,-8.51,-3.69,-2.20
203303,222,218,309,480,361,-8.67,-3.22,-2.51
203403,219,218,307,477,352,-8.63,-2.79,-2.75
203503,203,216,267,420,296,-9.02,-4.16,-2.63
203603,180,217,216,358,252,-8.94,-4.24,-2.63
203703,170,216,175,323,255,-8.16,-4.47,-2.00
203803,171,215,162,300,225,-8.39,-4.20,-1.45
203904,165,211,154,287,217,-8.51,-4.55,-0.71
204003,163,205,151,276,212,-7.92,-4.35,-0.86
204103,162,206,150,272,207,-8.79,-4.00,-0.55
204204,160,205,149,270,202,-9.22,-3.57,0.00
204303,161,207,149,268,200,-9.85,-3.53,0.27
204403,159,204,151,268,201,-9.81,-3.88,0.00
204603,158,203,149,268,201,-9.34,-3.69,0.90
204703,159,204,147,269,202,-9.10,-3.92,0.24
204803,158,204,149,269,203,-9.10,-3.77,0.27
204903,159,203,148,269,203,-9.65,-3.69,0.47
205003,156,203,149,270,204,-9.61,-3.65,0.47
205103,159,204,150,271,204,-9.34,-3.69,0.55
205203,158,205,148,271,205,-9.22,-3.45,0.16
205303,159,204,151,271,205,-9.34,-3.22,0.27
205403,159,206,150,272,206,-9.49,-3.49,0.24