8.279912	-1.5280466	3.7618613	2.5527601	-7.6582437	6.138776	-5.269062	-4.917239	9.258129	-3.5855165	5.6675158	-3.5774703	3.6167448	-0.20334537	-8.123078	8.871175	-1.9767075	-2.9563963	-2.244072	-8.33821	1.6951861	8.8425455	-11.403742	-2.0909488	-12.264136	5.8630857	8.657964	-0.39705896	1.7309011	-1.5505102
13.50246	-8.203321	0.58693874	-1.6421595	-5.1901755	13.873213	-8.565385	-6.916054	17.664354	11.290785	11.740855	-8.650883	4.4294634	6.258755	-3.0526078	-4.684255	-5.8108516	-5.3151064	-7.6889887	-13.829371	-1.7018604	13.097382	-7.0530624	6.8772054	-5.647503	3.8303156	6.9535384	-1.9647404	-3.9117146	-4.664863
-10.89254	7.1209292	-1.1845031	1.4084841	9.390389	-12.025658	6.9129033	7.0584903	-21.819132	-4.821058	-20.546772	2.8697338	-8.284821	24.940163	13.529314	-6.0275345	5.0719104	4.970865	2.946845	15.539348	7.0109105	-9.296129	7.0947137	-3.3432443	4.5956726	-6.9936976	-11.479245	4.412669	11.21659	2.9508688
4.8932214	7.8947353	2.8193665	1.7890882	0.93124276	8.115424	3.4098332	3.9442856	5.47058	-9.464314	3.9053137	-7.2989554	1.6839068	-51.486687	-9.454662	-4.0807	4.2293167	3.4888952	-7.2001367	-12.078158	1.929114	3.0146663	-8.554191	0.13409595	11.277089	3.2213795	-1.5235537	2.7859116	-5.258517	7.640988
-11.285272	9.634637	0.97684175	2.3579822	4.110433	-6.090122	7.7362785	7.4460616	-8.9107	-17.966461	-1.5157685	10.63943	-8.267898	-34.36051	-11.525819	-1.2096639	5.491538	4.8973994	-0.18331286	12.815997	7.217545	-11.511071	-15.36792	-5.1042504	5.454551	2.1275747	-3.997255	3.8284836	6.1492677	12.131958
10.750308	21.770212	10.25242	6.8948655	8.825229	-11.526654	6.522965	9.226518	-12.898361	-13.3546295	-16.906385	-37.01037	-20.395884	-30.50727	-6.5391536	15.196316	7.2631063	8.759863	-26.822535	-42.421165	11.770625	-9.812035	2.1868837	-17.96365	-6.607175	3.3457727	-15.730251	11.452528	16.673157	16.468798
2.2606976	-12.085942	-8.508156	-7.339352	-8.300162	7.334143	-5.3764787	-7.4633794	7.069985	17.270819	11.729442	5.069611	21.012861	5.9929314	11.215433	-8.036716	-5.9155483	-7.5028276	20.854235	2.3231313	-14.625243	7.0294476	17.85766	8.435289	0.35637715	-5.925881	9.535444	-8.938807	-7.0861225	-17.353302
-2.3249357	3.767875	-7.170051	-2.5087953	-5.5350423	7.6989684	1.5812314	-2.0551744	-1.6657555	-5.4805975	1.2702259	6.172588	9.649694	-3.339331	-2.8907015	-14.632522	-0.798058	-4.309269	13.43185	11.671573	-1.5242208	3.7368138	-7.7158065	-5.022869	4.336081	1.9368577	4.5611987	-5.9021955	-4.506188	-7.3495107
6.1796646	3.0835135	3.1382601	-0.2608519	1.6453754	10.699558	-1.735907	1.0150114	9.628176	0.90933686	8.655817	-12.203891	-2.1109815	-14.714901	-8.963408	5.776038	-0.022369191	1.1737901	-12.065533	-20.435043	6.449218	6.286594	-9.387208	-3.0838985	-5.8359	3.3535519	6.2212234	3.1210775	1.9756457	3.5607965
-1.7227918	-1.117394	0.15702532	-0.6050668	1.9292055	0.73389554	1.6984292	2.5276456	-2.127013	-5.139973	4.041293	8.486321	-0.616106	-16.462006	-7.8577724	7.88422	1.1104043	0.23875333	2.94364	10.219472	0.3572803	-4.8054237	0.036918726	-7.8566523	0.4542406	-1.9146667	-1.9242543	2.8481877	4.6819096	4.368545
12.012301	-4.3300447	-4.131843	1.7586963	-6.71553	7.6570687	-4.420196	-7.193986	11.092206	0.46994725	3.7051725	-10.496103	11.231346	28.205887	7.8020782	-6.9441223	-2.3495352	-5.728999	7.1862106	-12.753068	-7.8945827	14.441563	0.95168054	6.696443	-2.5655806	3.1057136	8.919618	-5.6262436	-12.594912	-11.389984
13.704221	8.404708	6.786208	7.618121	0.8346204	5.2387943	1.0854875	1.6306992	6.2475195	-3.7515268	7.8838067	-27.25598	-7.7059464	10.519407	-4.1865907	3.703091	5.042243	3.6475573	-13.334223	-31.516594	8.052631	2.2578073	-11.39873	2.4713504	-10.272275	3.7686458	1.6776692	4.667053	-1.8295565	3.9356632
1.9326	7.6463256	1.8264983	8.393441	5.423076	-3.043624	5.846861	4.9652224	-3.4453537	-18.141768	-5.9830465	-15.868293	-13.109504	-28.05269	-4.449813	11.226018	5.9305367	2.235521	-7.674203	-11.272996	1.7884005	-0.66132015	-5.7965665	-10.58734	-4.5997276	6.849672	-1.3425975	5.6698503	5.0533237	12.80629
-0.42860246	-9.671714	-0.913084	-5.52044	-7.292321	9.386086	-6.098529	-4.648889	6.779073	-6.4117365	6.142891	19.25596	9.357661	-41.677013	-7.7816997	-7.8416843	-5.204996	-3.670044	10.004041	17.427588	-7.654832	5.5905747	-0.942243	-5.89548	4.7937403	1.6000118	6.471832	-2.333643	-4.924482	-4.339028
-2.0198057	-5.4840446	-7.1935925	-3.2465484	-3.3108995	2.6549084	0.19943927	-2.3141415	3.0767765	4.472135	1.1388401	4.3930945	5.4486446	4.4382052	6.508687	-6.2762117	-1.9397864	-4.3692656	4.3220987	7.8471675	-6.454661	3.123437	6.978029	8.750524	7.6232023	-2.5396187	-0.53469414	-4.7643037	-5.582105	-3.5155296
-1.2812588	-4.09485	-2.5562973	-2.495263	-4.6946497	3.8288805	-3.0926166	-3.6995595	7.0976825	-9.892549	4.3874474	11.432568	4.8265753	-32.34824	-7.485856	-8.193087	-3.1998901	-3.421582	7.043139	9.213323	-7.5073104	6.7784524	-1.814231	-1.2438653	7.9060116	6.8913355	8.221419	-4.3556647	-3.5079398	-1.7148429