0.35476986	0.9001392	0.5806391	0.5112793	0.6637741	-0.10855893	0.60381335	0.6649787	-0.35579634	-0.41434765	-0.2563258	-0.59358686	-0.6592973	-2.1849947	0.04150623	0.828485	0.6401321	0.62179923	-0.65781784	-0.6218485	0.8511212	-0.22035904	0.07377749	-0.2328753	0.26417744	0.37195897	-0.20198809	0.8212168	0.7569623	0.898224
-0.33186936	-0.35276645	-0.3830654	-0.4229576	-0.30346918	-0.5514716	-0.34709063	-0.36343697	-0.33950907	-0.47601604	-0.45345384	-0.48315573	-0.5380577	-2.4128292	-0.45105836	-0.31603283	-0.30939892	-0.3576615	-0.54956293	-0.7602896	-0.30531588	-0.38100666	-0.49319342	-0.526715	-0.39504227	-0.33132356	-0.37646216	-0.29165524	-0.38721293	-0.32524547
-0.35583764	-0.3743226	-0.32145065	-0.3567182	-0.34862262	-0.3484756	-0.42675653	-0.25287443	-0.36893532	-0.5515791	-0.28205198	-0.6835103	-0.509753	-2.5548916	-0.5034199	-0.3609631	-0.42366436	-0.25833842	-0.54911584	-0.6943495	-0.28010508	-0.54249036	-0.470518	-0.48390555	-0.378668	-0.39057025	-0.4177192	-0.37863123	-0.36349463	-0.31605437
-0.35419437	-0.2833781	-0.38552645	-0.35472536	-0.33941138	-0.38376957	-0.37297282	-0.38834155	-0.36789638	-0.5222135	-0.41332537	-0.66758215	-0.55039084	-2.4973896	-0.54837954	-0.34227064	-0.3554223	-0.31130695	-0.5415601	-0.6502374	-0.31292006	-0.38884217	-0.46070367	-0.49448505	-0.4246874	-0.41539815	-0.39786053	-0.324295	-0.43106803	-0.2870459
-0.30355015	-0.30456543	-0.36279953	-0.38170186	-0.35717312	-0.38084534	-0.47673768	-0.3721497	-0.47082087	-0.5439176	-0.35162672	-0.6567378	-0.6085874	-2.568234	-0.5224414	-0.41851223	-0.37946144	-0.43238926	-0.60783345	-0.73296213	-0.3925448	-0.5014086	-0.5243637	-0.47577763	-0.38871282	-0.30842394	-0.5110957	-0.29876882	-0.31566596	-0.35934404
-0.34919754	-0.3777901	-0.23094395	-0.3093823	-0.3174271	-0.42384174	-0.36730245	-0.30216932	-0.42444777	-0.44053915	-0.4409795	-0.6553184	-0.45268637	-2.4698958	-0.5376943	-0.3396566	-0.46501094	-0.2391403	-0.64911133	-0.6793351	-0.37198755	-0.3753437	-0.39846215	-0.51228	-0.42964453	-0.35534957	-0.4828139	-0.26176205	-0.3940041	-0.32157412
-0.43266666	-0.36378896	-0.3331186	-0.33422485	-0.3356155	-0.37313262	-0.36917567	-0.30707368	-0.41378835	-0.42646673	-0.45041582	-0.57386917	-0.5132883	-2.4823	-0.44502175	-0.3516624	-0.32654843	-0.39176732	-0.5542333	-0.6273534	-0.30278972	-0.40174612	-0.46741524	-0.40376988	-0.39899305	-0.30798435	-0.41725573	-0.3380254	-0.26392266	-0.26019323
-0.39186668	-0.32084993	-0.37220547	-0.3701602	-0.33698046	-0.4759206	-0.32464978	-0.28391343	-0.36995327	-0.5670848	-0.34174982	-0.6178587	-0.5828863	-2.5297413	-0.5899744	-0.2624524	-0.3138439	-0.28603172	-0.5944464	-0.6787728	-0.37297967	-0.45774403	-0.48216638	-0.43218485	-0.49425396	-0.3826956	-0.5511172	-0.33748904	-0.2753967	-0.35030788
-0.32578126	-0.36400577	-0.33396372	-0.34221622	-0.3403763	-0.36494127	-0.2757041	-0.32607162	-0.4891876	-0.57769614	-0.40407467	-0.64080507	-0.5265179	-2.4526184	-0.4093368	-0.37900537	-0.389609	-0.40530196	-0.56926525	-0.6634493	-0.36152065	-0.35865432	-0.5061906	-0.4296514	-0.33154044	-0.36149707	-0.43737972	-0.27051786	-0.3106189	-0.31419536
-0.3380358	-0.35302937	-0.4207564	-0.2933331	-0.41334382	-0.50406355	-0.41168222	-0.3743955	-0.44682348	-0.6569086	-0.46772575	-0.6595787	-0.52512676	-2.6141086	-0.4979625	-0.24032126	-0.31072214	-0.39424014	-0.66066206	-0.6619677	-0.29354864	-0.44259742	-0.5190132	-0.4255681	-0.4763325	-0.35405272	-0.36875993	-0.33052847	-0.3179369	-0.24093002
-0.3669566	-0.28995955	-0.38836536	-0.45033982	-0.30330855	-0.46736762	-0.52361256	-0.3913331	-0.37560096	-0.6349277	-0.46298823	-0.7163273	-0.63322794	-2.588264	-0.6059157	-0.33529556	-0.4178316	-0.30771536	-0.5603738	-0.7156144	-0.39485022	-0.41659993	-0.5185196	-0.49192706	-0.44819582	-0.5241833	-0.4590685	-0.3746591	-0.3516627	-0.2121969
-0.36857587	-0.237899	-0.41697815	-0.3241604	-0.31047103	-0.4284692	-0.3929717	-0.41524422	-0.41782385	-0.53392327	-0.4122477	-0.7161194	-0.60983634	-2.5306857	-0.5981367	-0.39259744	-0.34586382	-0.39226294	-0.6190334	-0.71504414	-0.3477211	-0.42015293	-0.45011425	-0.41686103	-0.5237112	-0.37884593	-0.42002034	-0.43205833	-0.3410179	-0.35119152
-0.2985105	-0.30066684	-0.39349335	-0.31674537	-0.39079183	-0.3395093	-0.35756543	-0.4873103	-0.329053	-0.5800816	-0.48524356	-0.6199497	-0.52874553	-2.4779358	-0.5355535	-0.33961472	-0.38287026	-0.3563895	-0.5770022	-0.8206624	-0.42437285	-0.37419719	-0.47716093	-0.54146147	-0.4321284	-0.34153074	-0.38734788	-0.39286122	-0.289179	-0.28930777
-0.3471123	-0.36356252	-0.40165928	-0.337456	-0.35489562	-0.43857452	-0.3729863	-0.352522	-0.42190832	-0.64397293	-0.3760554	-0.6149041	-0.57522786	-2.5034034	-0.49664766	-0.3230225	-0.4132777	-0.38545665	-0.62394893	-0.7184908	-0.2583047	-0.41326645	-0.5470667	-0.48432392	-0.3921512	-0.2996429	-0.36587414	-0.20687911	-0.35338658	-0.2998639
-0.34942195	-0.29156664	-0.3172632	-0.34833547	-0.33112016	-0.44836453	-0.38177827	-0.3586714	-0.3545932	-0.60642475	-0.41112888	-0.6364048	-0.55986613	-2.4590545	-0.5653084	-0.31722376	-0.2758841	-0.27922228	-0.6013919	-0.67857057	-0.37728038	-0.32868144	-0.4313172	-0.4676444	-0.35674292	-0.35915628	-0.33023635	-0.35181004	-0.32378352	-0.23038015
-0.3192361	-0.33959174	-0.34780544	-0.32941163	-0.32481766	-0.4918533	-0.2500641	-0.26264274	-0.41393498	-0.5046818	-0.41934314	-0.6683773	-0.50978106	-2.5295565	-0.53569824	-0.32942885	-0.36786705	-0.36747238	-0.6319406	-0.66677815	-0.2798981	-0.3954628	-0.49251026	-0.42854282	-0.4141104	-0.34835532	-0.47968733	-0.29842675	-0.34790513	-0.31452444
-0.35777473	-0.17320324	-0.24106188	-0.35001975	-0.27870205	-0.37588075	-0.42234057	-0.33501047	-0.36271966	-0.5433162	-0.34961694	-0.6296221	-0.4240098	-2.4392414	-0.39587125	-0.27825406	-0.4201755	-0.40018478	-0.5136252	-0.6560567	-0.29088086	-0.39059544	-0.40471414	-0.48123783	-0.39889544	-0.41296536	-0.37270746	-0.27039853	-0.33930185	-0.26087916
-0.38459843	-0.2587394	-0.39771298	-0.40589935	-0.48683485	-0.34005502	-0.389318	-0.30991712	-0.36661795	-0.5398309	-0.4109222	-0.5384275	-0.5942013	-2.4599829	-0.58852214	-0.31215426	-0.17527166	-0.47491682	-0.57897085	-0.7329512	-0.34955856	-0.4448077	-0.43219444	-0.44571605	-0.39592433	-0.26590648	-0.41167876	-0.2642628	-0.33458856	-0.25700033
-0.28574872	-0.30164123	-0.31245476	-0.29358137	-0.44553947	-0.3741998	-0.37798455	-0.34797958	-0.43453294	-0.6251472	-0.41448036	-0.5932581	-0.5298175	-2.4475417	-0.48533916	-0.35296527	-0.2761362	-0.34129268	-0.59746146	-0.67944086	-0.35534412	-0.40358046	-0.41342655	-0.4305706	-0.39620832	-0.40571448	-0.46523398	-0.32543182	-0.33286425	-0.31621844
-0.3199947	-0.3118817	-0.40310878	-0.35177246	-0.36794937	-0.3553357	-0.33610466	-0.34824196	-0.42739993	-0.54671717	-0.44336975	-0.6037983	-0.46503583	-2.5612757	-0.5505674	-0.37230965	-0.4045311	-0.36274302	-0.6144013	-0.7334052	-0.28461173	-0.49401283	-0.4999103	-0.52983207	-0.36033684	-0.34058356	-0.3936078	-0.32748908	-0.24732868	-0.2594335
-0.4263874	-0.403965	-0.3031522	-0.41189015	-0.26573804	-0.4388025	-0.32360053	-0.31912845	-0.38708204	-0.50430685	-0.3461532	-0.62951934	-0.50905246	-2.4561377	-0.49754003	-0.32677683	-0.3476872	-0.28847533	-0.5119145	-0.7577953	-0.3421487	-0.42895854	-0.3632658	-0.49144322	-0.3612785	-0.30444837	-0.40251398	-0.3622237	-0.29879564	-0.3471178
-0.44277546	-0.33180428	-0.3471809	-0.39946976	-0.32848778	-0.3555742	-0.31917968	-0.3083153	-0.35552388	-0.58003914	-0.4598322	-0.56500685	-0.5423702	-2.4512393	-0.44883487	-0.37575832	-0.37096015	-0.21471642	-0.54476726	-0.7575496	-0.30623308	-0.43547466	-0.56092703	-0.56014913	-0.34121442	-0.3413683	-0.3892701	-0.3338238	-0.34204653	-0.3242533
-0.28222644	-0.28947145	-0.306635	-0.30799374	-0.33905348	-0.42145	-0.37597418	-0.3654133	-0.39367494	-0.5341171	-0.44392395	-0.71649843	-0.47699532	-2.514255	-0.6031748	-0.33538708	-0.38259643	-0.36575827	-0.54583913	-0.6767369	-0.36654392	-0.34742662	-0.48586664	-0.514513	-0.44468912	-0.38670045	-0.41708213	-0.34422737	-0.39856774	-0.2373778
-0.3461997	-0.41062823	-0.38118234	-0.36100453	-0.42755547	-0.39282355	-0.39689854	-0.4415615	-0.5153904	-0.6476722	-0.4980519	-0.63114834	-0.5732499	-2.6499896	-0.54391724	-0.31679213	-0.3185543	-0.36730674	-0.6471695	-0.77353615	-0.35365468	-0.4076582	-0.5309406	-0.51929814	-0.45667443	-0.4113632	-0.42984134	-0.31979182	-0.3715997	-0.29790956
-0.38022614	-0.31739825	-0.29130712	-0.36617848	-0.39209303	-0.40284055	-0.27663043	-0.2726847	-0.43885943	-0.5756488	-0.48473898	-0.60413224	-0.59512246	-2.4853187	-0.5465693	-0.39489636	-0.30144125	-0.2998866	-0.6093272	-0.78170437	-0.2688161	-0.46620992	-0.48016575	-0.51564753	-0.3804712	-0.35985243	-0.43602037	-0.43722087	-0.38463524	-0.26094833
-0.37747788	-0.23307	-0.37450662	-0.39793462	-0.35705653	-0.30159625	-0.30404025	-0.3349405	-0.42543826	-0.49496225	-0.37424847	-0.5842883	-0.43913814	-2.4013524	-0.45807505	-0.35159996	-0.3780737	-0.33611986	-0.5224308	-0.6602329	-0.29862016	-0.39634827	-0.5379366	-0.4457727	-0.336678	-0.41021547	-0.41259626	-0.3234703	-0.2891399	-0.25618485
-0.3925083	-0.31061336	-0.36714256	-0.33507144	-0.38437265	-0.4143569	-0.39028025	-0.31225422	-0.5213662	-0.53608936	-0.37994868	-0.6991147	-0.5643179	-2.5400643	-0.56024814	-0.3343913	-0.36468145	-0.35495505	-0.5838946	-0.64595556	-0.43942365	-0.40372583	-0.50064737	-0.46677542	-0.3842901	-0.3734913	-0.4773707	-0.41423634	-0.34233573	-0.27958456
-0.3703007	-0.36982065	-0.4063835	-0.32426858	-0.37252498	-0.41716385	-0.44771326	-0.32341206	-0.45964357	-0.5947665	-0.54955983	-0.6187051	-0.509584	-2.5917523	-0.633002	-0.34883025	-0.3619551	-0.35983467	-0.6096023	-0.7436974	-0.30968243	-0.47618306	-0.6004667	-0.52597445	-0.43568698	-0.40879488	-0.41403374	-0.4105653	-0.36711648	-0.3208319
-0.27663705	-0.27844098	-0.3400959	-0.4343558	-0.36747643	-0.4379808	-0.3181746	-0.32103747	-0.40425935	-0.6366375	-0.51850307	-0.66830534	-0.5002074	-2.5811977	-0.5169983	-0.33589733	-0.34740266	-0.4861979	-0.5520784	-0.717223	-0.3572868	-0.5276088	-0.4623992	-0.5158543	-0.43605453	-0.36279956	-0.44689885	-0.33178386	-0.37156484	-0.37313825
-0.080585465	-0.6357677	-0.29189658	-0.0008723237	0.08620559	-0.6854471	-0.08196298	-0.1963366	-0.639377	1.495735	-0.6420985	-0.7913689	0.34665924	4.1005898	1.6152067	-0.21814668	-0.11857367	-0.18337332	0.4334282	-0.71255904	-0.32432047	-0.026995089	1.1566502	0.88093376	-0.16616002	-0.56377083	-0.18556327	-0.264168	-0.3294102	-1.0399915
-1.6115886	-0.768739	-0.6042704	-0.43613335	-0.08677689	-0.37051186	0.19363679	-0.021805543	-0.94188166	0.18241145	-0.30543244	2.6307948	1.0928973	-2.3123317	0.5672031	-1.0358458	-0.116687745	-0.18432914	1.9004498	2.8860562	-0.7570452	-0.38063076	0.76600146	0.3972489	1.0801092	-0.26694366	0.20882957	-0.5699763	-0.2688973	-0.65296733
-0.33485952	-0.21885374	-0.42710653	-0.27137128	-0.35617512	-0.4211313	-0.3335026	-0.32263517	-0.3474581	-0.50910324	-0.44075596	-0.45953697	-0.4596372	-2.4206789	-0.4915027	-0.36816093	-0.27910095	-0.33945048	-0.5375903	-0.6711305	-0.3251872	-0.36431518	-0.5915581	-0.5029508	-0.41809994	-0.25552455	-0.3886334	-0.3306405	-0.26694375	-0.3217366
0.87724364	-1.221218	-0.15690637	-0.21983229	-0.8325639	1.7269051	-0.6323942	-0.77503693	2.0320432	0.9105236	1.847203	-0.22272931	1.6018231	-2.388899	-0.22062194	-0.5959183	-0.4750764	-0.646531	0.72966427	-1.6565913	-0.87561125	1.5774449	-0.25810295	0.88590026	0.08502473	0.39419478	1.5194938	-0.6818584	-1.2776254	-1.2728938